0 0.11 0 0.33 0 
0.005 0.109877374975475 -0.04905 0.329877374975475 -0.04905 
0.01 0.10950949995095 -0.0981 0.32950949995095 -0.0981 
0.015 0.108896374926425 -0.14715 0.328896374926425 -0.14715 
0.02 0.1080379999019 -0.1962 0.3280379999019 -0.1962 
0.025 0.106934374877375 -0.24525 0.326934374877375 -0.24525 
0.03 0.10558549985285 -0.2943 0.32558549985285 -0.2943 
0.035 0.103991374828325 -0.34335 0.323991374828325 -0.34335 
0.04 0.1021519998038 -0.3924 0.3221519998038 -0.3924 
0.045 0.100067374779275 -0.44145 0.320067374779275 -0.44145 
0.05 0.0999570126986525 0.397305 0.31773749975475 -0.4905 
0.055 0.101820912674128 0.348255 0.315162374730225 -0.53955 
0.06 0.103439562649603 0.299205 0.3123419997057 -0.5886 
0.065 0.104812962625078 0.250155 0.309276374681175 -0.63765 
0.07 0.105941112600553 0.201105 0.30596549965665 -0.6867 
0.075 0.10471547527932 -0.69135975 0.304517911928832 0.10766475 
0.08 0.101136051504795 -0.74040975 0.304933610654307 0.05861475 
0.085 0.100950949770684 0.666368775 0.305104059379782 0.00956475 
0.09 0.104160168621159 0.617318775 0.305029258105257 -0.0394852499999999 
0.095 0.105564480049815 -0.0555940689551786 0.306268864252552 0.535327593955179 
0.1 0.105163884680514 -0.104644068955179 0.308822877197803 0.486277593955179 
0.105 0.104518039311213 -0.153694068955179 0.311131640143053 0.437227593955179 
0.11 0.103626943941912 -0.202744068955179 0.313195153088304 0.388177593955179 
0.115 0.102490598572611 -0.251794068955179 0.315013416033555 0.339127593955179 
0.12 0.101109003203311 -0.300844068955179 0.316586428978806 0.290077593955179 
0.125 0.0994821578340097 -0.349894068955179 0.317914191924057 0.241027593955179 
0.13 0.0993946846491703 0.314904662059661 0.318996704869308 0.191977593955179 
0.135 0.100846582934944 0.265854662059661 0.319833967814559 0.142927593955179 
0.14 0.102053231220717 0.216804662059661 0.32042598075981 0.0938775939551787 
0.145 0.10301462950649 0.167754662059661 0.320772743705061 0.0448275939551789 
0.15 0.103730777792263 0.118704662059661 0.320874256650312 -0.00422240604482112 
0.155 0.104201676078037 0.0696546620596608 0.320730519595562 -0.0532724060448212 
0.16 0.10442732436381 0.0206046620596608 0.320341532540813 -0.102322406044821 
0.165 0.104407722649583 -0.0284453379403393 0.319707295486064 -0.151372406044821 
0.17 0.104142870935357 -0.0774953379403393 0.318827808431315 -0.200422406044821 
0.175 0.10363276922113 -0.126545337940339 0.317703071376566 -0.249472406044821 
0.18 0.102877417506903 -0.175595337940339 0.316333084321817 -0.298522406044821 
0.185 0.101876815792677 -0.224645337940339 0.314717847267068 -0.347572406044821 
0.19 0.10063096407845 -0.273695337940339 0.312857360212319 -0.396622406044821 
0.195 0.100562540503975 0.246325804146305 0.31075162315757 -0.445672406044821 
0.2 0.101671544500182 0.197275804146305 0.30840063610282 -0.494722406044821 
0.205 0.102535298496388 0.148225804146305 0.305804399048071 -0.543772406044821 
0.21 0.103153802492595 0.0991758041463054 0.302962911993322 -0.592822406044821 
0.215 0.101899140295242 -0.601040543044273 0.301504091132133 0.00929394114575766 
0.22 0.0987713125554955 -0.650090543044273 0.301427935813337 -0.0397560588542424 
0.225 0.0986087905373204 0.585081488739846 0.30110653049454 -0.0888060588542424 
0.23 0.101411572956495 0.536031488739846 0.300539875175744 -0.137856058854242 
0.235 0.10240593341378 -0.138287170961981 0.301291141818837 0.438362600847584 
0.24 0.101591872534445 -0.18733717096198 0.30336032979855 0.389312600847584 
0.245 0.10053256165511 -0.23638717096198 0.305184267778263 0.340262600847584 
0.25 0.100473465086938 0.212748453865782 0.306762955757976 0.291212600847584 
0.255 0.101414582331741 0.163698453865782 0.308096393737688 0.242162600847584 
0.26 0.102110449576545 0.114648453865782 0.309184581717401 0.193112600847584 
0.265 0.102561066821349 0.0655984538657822 0.310027519697114 0.144062600847584 
0.27 0.102766434066153 0.0165484538657821 0.310625207676827 0.0950126008475842 
0.275 0.102726551310957 -0.0325015461342179 0.31097764565654 0.0459626008475841 
0.28 0.102441418555761 -0.081551546134218 0.311084833636253 -0.00308739915241592 
0.285 0.101911035800565 -0.130601546134218 0.310946771615966 -0.052137399152416 
0.29 0.101135403045369 -0.179651546134218 0.310563459595679 -0.101187399152415 
0.295 0.100114520290173 -0.228701546134218 0.309934897575392 -0.150237399152415 
0.3 0.100057345120906 0.205831391520796 0.309061085555105 -0.199287399152416 
0.305 0.100963877053985 0.156781391520796 0.307942023534818 -0.248337399152416 
0.31 0.101625158987064 0.107731391520796 0.306577711514531 -0.297387399152416 
0.315 0.102041190920143 0.0586813915207957 0.304968149494244 -0.346437399152416 
0.32 0.102211972853222 0.00963139152079566 0.303113337473956 -0.395487399152416 
0.325 0.102137504786301 -0.0394186084792044 0.301013275453669 -0.444537399152416 
0.33 0.10181778671938 -0.0884686084792044 0.298667963433382 -0.493587399152416 
0.335 0.101252818652458 -0.137518608479204 0.296077401413095 -0.542637399152416 
0.34 0.0996778161028294 -0.492482340379679 0.294006373875516 -0.285773667251941 
0.345 0.0995546959855927 0.443234106341711 0.292454880514732 -0.334823667251941 
0.35 0.100145232518672 -0.207019363059256 0.292161146128051 0.217329802149027 
0.355 0.100093477874576 0.186317426753331 0.293125170114271 0.168279802149027 
0.36 0.100902439983817 0.137267426753331 0.293843944100491 0.119229802149027 
0.365 0.101466152093059 0.0882174267533306 0.294317468086711 0.0701798021490271 
0.37 0.101784614202301 0.0391674267533305 0.294545742072931 0.0211298021490271 
0.375 0.101857826311542 -0.00988257324666954 0.294528766059152 -0.027920197850973 
0.38 0.101685788420784 -0.0589325732466696 0.294266540045372 -0.076970197850973 
0.385 0.101268500530026 -0.10798257324667 0.293759064031592 -0.126020197850973 
0.39 0.100605962639267 -0.15703257324667 0.293006338017812 -0.175070197850973 
0.395 0.0996981747485089 -0.20608257324667 0.292008362004032 -0.224120197850973 
0.4 0.0996466543009757 0.185474315922003 0.290765135990252 -0.273170197850973 
0.405 0.100451400856061 0.136424315922003 0.289276659976472 -0.322220197850973 
0.41 0.101010897411146 0.0873743159220027 0.287542933962693 -0.371270197850973 
0.415 0.101325143966231 0.0383243159220026 0.285563957948913 -0.420320197850973 
0.42 0.101394140521316 -0.0107256840779969 0.283339731935133 -0.469370197850973 
0.425 0.101217887076401 -0.0597756840779969 0.280870255921353 -0.518420197850973 
0.43 0.100796383631486 -0.108825684077997 0.278155529907573 -0.567470197850973 
0.435 0.100129630186571 -0.157875684077997 0.275195553893793 -0.616520197850973 
0.44 0.100090161415533 0.142088115670197 0.271990327880013 -0.665570197850973 
0.445 0.100677976969359 0.0930381156701972 0.268539851866234 -0.714620197850973 
0.45 0.101020542523185 0.0439881156701972 0.264844125852454 -0.763670197850973 
0.455 0.101117858077011 -0.00506188432980285 0.260903149838674 -0.812720197850973 
0.46 0.100969923630837 -0.0541118843298029 0.256716923824894 -0.861770197850973 
0.465 0.100576739184663 -0.103161884329803 0.252285447811114 -0.910820197850973 
0.47 0.0999383047384891 -0.152211884329803 0.247608721797334 -0.959870197850973 
0.475 0.099900251912008 0.136990695896823 0.242686745783554 -1.00892019785097 
0.48 0.0999113970756606 -0.132532576531113 0.238070703061081 -0.837496925423037 
0.485 0.0998782640574338 0.119279318878001 0.233760593409441 -0.886546925423037 
0.49 0.100352035627299 0.0702293188780012 0.229205233757801 -0.935596925423037 
0.495 0.100580557197164 0.0211793188780012 0.22440462410616 -0.984646925423037 
0.5 0.100563828767029 -0.0278706811219989 0.21935876445452 -1.03369692542304 
0.505 0.100301850336894 -0.0769206811219989 0.21406765480288 -1.08274692542304 
0.51 0.0997946219067588 -0.125970681121999 0.20853129515124 -1.13179692542304 
0.515 0.0997631293561504 0.113373613009799 0.2027496854996 -1.18084692542304 
0.52 0.100207372396674 0.064323613009799 0.196722825847959 -1.22989692542304 
0.525 0.100406365437198 0.015273613009799 0.190450716196319 -1.27894692542304 
0.53 0.100360108477722 -0.0337763869902011 0.183933356544679 -1.32799692542304 
0.535 0.100068601518246 -0.0828263869902011 0.177170746893039 -1.37704692542304 
0.54 0.100047895000184 0.074543748291181 0.170162887241399 -1.42609692542304 
0.545 0.100297988717115 0.025493748291181 0.162909777589758 -1.47514692542304 
0.55 0.100302832434046 -0.0235562517088191 0.155411417938118 -1.52419692542304 
0.555 0.100062426150977 -0.0726062517088191 0.147667808286478 -1.57324692542304 
0.56 0.100044274657025 0.0653456265379372 0.139678948634838 -1.62229692542304 
0.565 0.10024837776519 0.0162956265379372 0.131444838983198 -1.67134692542304 
0.57 0.100207230873355 -0.0327543734620629 0.122965479331558 -1.72039692542304 
0.575 0.0999208339815194 -0.0818043734620629 0.114240869679917 -1.76944692542304 
0.58 0.0999003829658681 0.0736239361158566 0.105271010028277 -1.81849692542304 
0.585 0.100145877621922 0.0245739361158566 0.0960559003766371 -1.86754692542304 
0.59 0.100146122277977 -0.0244760638841435 0.095589015419451 1.68079223288073 
0.595 0.0999011169340309 -0.0735260638841435 0.10387035155933 1.63174223288073 
0.6 0.0998827354879097 0.0661734574957292 0.111906437699208 1.58269223288073 
0.605 0.100090977750863 0.0171234574957291 0.119697273839087 1.53364223288073 
0.61 0.100053970013817 -0.0319265425042709 0.127242859978966 1.48459223288073 
0.615 0.100045988408521 0.0287338882538438 0.134543196118844 1.43554223288073 
0.62 0.100067032825265 -0.0203161117461562 0.141598282258723 1.38649223288073 
0.625 0.0998428272420095 -0.0693661117461563 0.148408118398602 1.33744223288073 
0.63 0.0998254857799708 0.0624295005715406 0.15497270453848 1.28839223288073 
0.635 0.100015008258303 0.0133795005715406 0.161292040678359 1.23934223288073 
0.64 0.0999592807366362 -0.0356704994284595 0.167366126818238 1.19029223288073 
0.645 0.099950363145666 0.0321034494856135 0.173194962958116 1.14124223288073 
0.65 0.0999882553685691 -0.0169465505143865 0.178778549097995 1.09219223288073 
0.655 0.0999840187470397 0.0152518954629479 0.184116885237874 1.04314223288073 
0.66 0.0999376531998295 -0.0337981045370522 0.189209971377752 0.994092232880732 
0.665 0.0999292037058034 0.030418294083347 0.194057807517631 0.945042232880732 
0.67 0.0999586701516952 -0.0186317059166531 0.19866039365751 0.895992232880732 
0.675 0.0999540122429161 0.0167685353249878 0.203017729797388 0.846942232880732 
0.68 0.0999582043608172 -0.015091681792489 0.207129815937267 0.797892232880732 
0.685 0.0999544314547062 0.0135825136132401 0.210996652077146 0.748842232880732 
0.69 0.0999578270702061 -0.0122242622519161 0.214618238217024 0.699792232880732 
0.695 0.0999547710162562 0.0110018360267245 0.217994574356903 0.650742232880732 
0.7 0.0999575214648112 -0.00990165242405204 0.221125660496782 0.601692232880732 
0.705 0.0999550460611117 0.00891148718164683 0.22401149663666 0.552642232880733 
0.71 0.0999572739244412 -0.00802033846348215 0.226652082776539 0.503592232880733 
0.715 0.0999552688474447 0.00721830461713394 0.229047418916418 0.454542232880733 
0.72 0.0999570734167416 -0.00649647415542054 0.231197505056296 0.405492232880733 
0.725 0.0999554493043744 0.00584682673987848 0.233102341196175 0.356442232880733 
0.73 0.0999569110055048 -0.00526214406589064 0.234761927336054 0.307392232880733 
0.735 0.0999555954744874 0.00473592965930157 0.236176263475932 0.258342232880733 
0.74 0.0999567794524031 -0.00426233669337141 0.237345349615811 0.209292232880733 
0.745 0.099955713872279 0.00383610302403427 0.23826918575569 0.160242232880733 
0.75 0.0999566728943907 -0.00345249272163085 0.238947771895568 0.111192232880733 
0.755 0.0999558097744901 0.00310724344946776 0.239381108035447 0.0621422328807328 
0.76 0.0999565865824006 -0.00279651910452099 0.239569194175326 0.0130922328807328 
0.765 0.0999558874552812 0.00251686719406888 0.239512030315204 -0.0359577671192673 
0.77 0.0999565166696887 -0.002265180474662 0.239209616455083 -0.0850077671192673 
0.775 0.0999559503767219 0.0020386624271958 0.238661952594962 -0.134057767119267 
0.78 0.099956460040392 -0.00183479618447622 0.23786903873484 -0.183107767119267 
0.785 0.099956001343089 0.0016513165660286 0.236830874874719 -0.232157767119267 
0.79 0.0999564141706617 -0.00148618490942574 0.235547461014598 -0.281207767119267 
0.795 0.0999560426258462 0.00133756641848316 0.234018797154476 -0.330257767119268 
0.8 0.0999563770161802 -0.00120380977663485 0.232244883294355 -0.379307767119268 
0.805 0.0999560760648796 0.00108342879897137 0.230225719434234 -0.428357767119268 
0.81 0.0999563469210501 -0.000975085919074227 0.227961305574112 -0.477407767119268 
0.815 0.0999561031504967 0.000877577327166805 0.225451641713991 -0.526457767119268 
0.82 0.0999563225439948 -0.000789819594450125 0.22269672785387 -0.575507767119268 
0.825 0.0999561250898465 0.00071083763500511 0.219696563993748 -0.624557767119268 
0.83 0.0999563027985799 -0.000639753871504598 0.216451150133627 -0.673607767119268 
0.835 0.0999561428607198 0.000575778484354139 0.212960486273506 -0.722657767119267 
0.84 0.0999562868047939 -0.000518200635918724 0.209224572413384 -0.771707767119267 
0.845 0.0999561572551273 0.000466380572326855 0.205243408553263 -0.820757767119267 
0.85 0.0999562738498273 -0.000419742515094169 0.201016994693142 -0.869807767119267 
0.855 0.0999561689145973 0.000377768263584752 0.19654533083302 -0.918857767119267 
0.86 0.0999562633563043 -0.000339991437226274 0.191828416972899 -0.967907767119267 
0.865 0.099956178358768 0.00030599229350365 0.186866253112778 -1.01695776711927 
0.87 0.0999562548565506 -0.000275393064153286 0.181658839252656 -1.06600776711927 
0.875 0.0999561860085462 0.000247853757737955 0.176206175392535 -1.11505776711927 
0.88 0.0999562479717502 -0.000223068381964162 0.170508261532414 -1.16410776711927 
0.885 0.0999561922048666 0.000200761543767747 0.164565097672292 -1.21315776711927 
0.89 0.0999562423950618 -0.000180685389390971 0.158376683812171 -1.26220776711927 
0.895 0.0999561972238861 0.000162616850451873 0.15194301995205 -1.31125776711927 
0.9 0.0999562378779443 -0.000146355165406689 0.145264106091928 -1.36030776711927 
0.905 0.099956201289292 0.000131719648866019 0.138339942231807 -1.40935776711927 
0.91 0.099956234219079 -0.000118547683979418 0.131170528371686 -1.45840776711927 
0.915 0.0999562045822707 0.000106692915581477 0.123755864511564 -1.50745776711927 
0.92 0.0999562312553982 -9.60236240233267e-05 0.116095950651443 -1.55650776711927 
0.925 0.0999562072495834 8.6421261620992e-05 0.108190786791322 -1.60555776711927 
0.93 0.0999562288548167 -7.77791354588941e-05 0.1000403729312 -1.65460776711927 
0.935 0.0999562094101068 7.0001221913002e-05 0.0996267225612977 1.48914699040734 
0.94 0.0999562269103457 -6.30010997217031e-05 0.106949832488809 1.44009699040734 
0.945 0.0999562111601307 5.67009897495321e-05 0.114027692416321 1.39104699040734 
0.95 0.0999562253353242 -5.10308907745796e-05 0.120860302343833 1.34199699040734 
0.955 0.09995621257765 4.59278016971196e-05 0.127447662271345 1.29294699040734 
0.96 0.0999562240595568 -4.13350215274083e-05 0.133789772198856 1.24389699040734 
0.965 0.0999562137258407 3.72015193746689e-05 0.139886632126368 1.19484699040734 
0.97 0.0999562230261852 -3.34813674372006e-05 0.14573824205388 1.14579699040734 
0.975 0.0999562146558751 3.01332306934798e-05 0.151344601981391 1.09674699040734 
0.98 0.0999562221891542 -2.71199076241346e-05 0.156705711908903 1.04769699040734 
0.985 0.099956215409203 2.44079168617226e-05 0.161821571836415 0.998646990407341 
0.99 0.0999562215111591 -2.19671251755482e-05 0.166692181763926 0.949596990407341 
0.995 0.0999562160193986 1.97704126579934e-05 0.171317541691438 0.900546990407341 
1 0.099956220961983 -1.77933713921968e-05 0.17569765161895 0.851496990407341 
1.005 0.0999562165136571 1.60140342529771e-05 0.179832511546462 0.80244699040734 
1.01 0.0999562205171504 -1.44126308276801e-05 0.183722121473973 0.753396990407341 
1.015 0.0999562169140064 1.29713677449114e-05 0.187366481401485 0.70434699040734 
1.02 0.099956220156836 -1.16742309704196e-05 0.190765591328997 0.655296990407341 
1.025 0.0999562172382894 1.05068078733797e-05 0.193919451256508 0.606246990407342 
1.03 0.0999562198649814 -9.45612708604104e-06 0.19682806118402 0.557196990407341 
1.035 0.0999562175009586 8.51051437743972e-06 0.199491421111532 0.508146990407342 
1.04 0.0999562196285791 -7.65946293969366e-06 0.201909531039043 0.459096990407341 
1.045 0.0999562177137207 6.89351664572707e-06 0.204082390966555 0.410046990407342 
1.05 0.0999562194370933 -6.20416498115645e-06 0.206010000894067 0.360996990407341 
1.055 0.0999562178860579 5.58374848304288e-06 0.207692360821579 0.311946990407342 
1.06 0.0999562192819897 -5.02537363473998e-06 0.20912947074909 0.262896990407341 
1.065 0.0999562180256511 4.52283627126737e-06 0.210321330676602 0.213846990407342 
1.07 0.0999562191563559 -4.07055264414063e-06 0.211267940604114 0.164796990407341 
1.075 0.0999562181387216 3.66349737972865e-06 0.211969300531625 0.115746990407342 
1.08 0.0999562190545924 -3.29714764175232e-06 0.212425410459137 0.0666969904073407 
1.085 0.0999562182303086 2.96743287758056e-06 0.212636270386649 0.0176469904073417 
1.09 0.099956218972164 -2.67068958981903e-06 0.212601880314161 -0.0314030095926594 
1.095 0.0999562183044942 2.40362063083643e-06 0.212322240241672 -0.0804530095926584 
1.1 0.099956218905397 -2.16325856775001e-06 0.211797350169184 -0.12950300959266 
1.105 0.0999562183645845 1.94693271097363e-06 0.211027210096696 -0.178553009592658 
1.11 0.0999562188513158 -1.75223943987834e-06 0.210011820024207 -0.22760300959266 
1.115 0.0999562184132576 1.5770154958919e-06 0.208751179951719 -0.276653009592659 
1.12 0.09995621880751 -1.41931394630201e-06 0.207245289879231 -0.32570300959266 
1.125 0.0999562184526828 1.27738255167181e-06 0.205494149806742 -0.374753009592659 
1.13 0.0999562187720272 -1.14964429650394e-06 0.203497759734254 -0.42380300959266 
1.135 0.0999562184846173 1.03467986685424e-06 0.201256119661766 -0.472853009592659 
1.14 0.0999562187432863 -9.31211880168814e-07 0.198769229589278 -0.52190300959266 
1.145 0.0999562185104842 8.38090692151239e-07 0.196037089516789 -0.570953009592659 
1.15 0.099956218720006 -7.5428162293889e-07 0.193059699444301 -0.62000300959266 
1.155 0.0999562185314364 6.78853460646389e-07 0.189837059371813 -0.669053009592659 
1.16 0.0999562187011491 -6.10968114579669e-07 0.186369169299325 -0.718103009592658 
1.165 0.0999562185484076 5.49871303122396e-07 0.182656029226836 -0.767153009592659 
1.17 0.0999562186858749 -4.94884172808074e-07 0.178697639154348 -0.816203009592658 
1.175 0.0999562185621544 4.45395755527267e-07 0.17449399908186 -0.865253009592659 
1.18 0.0999562186735029 -4.00856179971765e-07 0.170045109009371 -0.914303009592658 
1.185 0.0999562185732892 3.607705619732e-07 0.165350968936883 -0.963353009592659 
1.19 0.0999562186634815 -3.24693505776574e-07 0.160411578864395 -1.01240300959266 
1.195 0.0999562185823084 2.92224155200305e-07 0.155226938791906 -1.06145300959266 
1.2 0.0999562186553642 -2.63001739678193e-07 0.149797048719418 -1.11050300959266 
1.205 0.099956218589614 2.36701565708985e-07 0.14412190864693 -1.15955300959266 
1.21 0.0999562186487892 -2.13031409138087e-07 0.138201518574442 -1.20860300959266 
1.215 0.0999562185955315 1.91728268227054e-07 0.132035878501953 -1.25765300959266 
1.22 0.0999562186434634 -1.72555441400879e-07 0.125624988429465 -1.30670300959266 
1.225 0.0999562186003247 1.55299897261485e-07 0.118968848356977 -1.35575300959266 
1.23 0.0999562186391495 -1.39769907536724e-07 0.112067458284488 -1.40480300959266 
1.235 0.0999562186042072 1.2579291678444e-07 0.104920818212 -1.45385300959266 
1.24 0.0999562186356553 -1.1321362510669e-07 0.0975289281395118 -1.50290300959266 
1.245 0.099956218607352 1.01892262592551e-07 0.0971532038148715 1.35261270863339 
1.25 0.099956218632825 -9.17030363312143e-08 0.103793642333513 1.30356270863339 
1.255 0.0999562186098993 8.25327326967051e-08 0.110188830852155 1.25451270863339 
1.26 0.0999562186305324 -7.42794594235652e-08 0.116338769370797 1.20546270863339 
1.265 0.0999562186119626 6.68515134846781e-08 0.122243457889439 1.15641270863339 
1.27 0.0999562186286754 -6.01663621355164e-08 0.127902896408081 1.10736270863339 
1.275 0.0999562186136339 5.41497259184953e-08 0.133317084926723 1.05831270863339 
1.28 0.0999562186271712 -4.87347533231763e-08 0.138486023445365 1.00926270863339 
1.285 0.0999562186149876 4.38612779915526e-08 0.143409711964007 0.960212708633394 
1.29 0.0999562186259529 -3.94751501903157e-08 0.148088150482649 0.911162708633393 
1.295 0.0999562186160841 3.55276351740597e-08 0.152521339001291 0.862112708633394 
1.3 0.099956218624966 -3.19748716601231e-08 0.156709277519933 0.813062708633393 
1.305 0.0999562186169723 2.87773844961925e-08 0.160651966038575 0.764012708633394 
1.31 0.0999562186241666 -2.58996460458794e-08 0.164349404557217 0.714962708633393 
1.315 0.0999562186176918 2.33096814419853e-08 0.167801593075859 0.665912708633394 
1.32 0.0999562186235192 -2.09787133012562e-08 0.171008531594501 0.616862708633393 
1.325 0.0999562186182745 1.88808419732123e-08 0.173970220113143 0.567812708633394 
1.33 0.0999562186229947 -1.69927577772788e-08 0.176686658631785 0.518762708633393 
1.335 0.0999562186187465 1.52934820016326e-08 0.179157847150427 0.469712708633394 
1.34 0.0999562186225699 -1.37641337979999e-08 0.181383785669069 0.420662708633393 
1.345 0.0999562186191289 1.23877204188938e-08 0.183364474187711 0.371612708633394 
1.35 0.0999562186222258 -1.11489483756166e-08 0.185099912706353 0.322562708633393 
1.355 0.0999562186194385 1.00340535394428e-08 0.186590101224995 0.273512708633394 
1.36 0.099956218621947 -9.03064818758015e-09 0.187835039743637 0.224462708633393 
1.365 0.0999562186196894 8.12758337020991e-09 0.188834728262279 0.175412708633394 
1.37 0.0999562186217213 -7.31482503041336e-09 0.189589166780921 0.126362708633393 
0 0 0 0 0 
0 0 0 0 0 
0 0 0 0 0 
0 0 0 0 0 
0 0 0 0 0 
0 0 0 0 0 
0 0 0 0 0 
0 0 0 0 0 
0 0 0 0 0 
0 0 0 0 0 
0 0 0 0 0 
0 0 0 0 0 
0 0 0 0 0 
0 0 0 0 0 
0 0 0 0 0 
0 0 0 0 0 
0 0 0 0 0 
0 0 0 0 0 
0 0 0 0 0 
0 0 0 0 0 
0 0 0 0 0 
0 0 0 0 0 
0 0 0 0 0 
0 0 0 0 0 
0 0 0 0 0 
0 0 0 0 0 
0 0 0 0 0 
0 0 0 0 0 
0 0 0 0 0 
0 0 0 0 0 
0 0 0 0 0 
0 0 0 0 0 
0 0 0 0 0 
0 0 0 0 0 
0 0 0 0 0 
0 0 0 0 0 
0 0 0 0 0 
0 0 0 0 0 
0 0 0 0 0 
0 0 0 0 0 
0 0 0 0 0 
0 0 0 0 0 
0 0 0 0 0 
0 0 0 0 0 
0 0 0 0 0 
0 0 0 0 0 
0 0 0 0 0 
0 0 0 0 0 
0 0 0 0 0 
0 0 0 0 0 
0 0 0 0 0 
0 0 0 0 0 
0 0 0 0 0 
0 0 0 0 0 
0 0 0 0 0 
0 0 0 0 0 
0 0 0 0 0 
0 0 0 0 0 
0 0 0 0 0 
0 0 0 0 0 
0 0 0 0 0 
0 0 0 0 0 
0 0 0 0 0 
0 0 0 0 0 
0 0 0 0 0 
0 0 0 0 0 
0 0 0 0 0 
0 0 0 0 0 
0 0 0 0 0 
0 0 0 0 0 
0 0 0 0 0 
0 0 0 0 0 
0 0 0 0 0 
0 0 0 0 0 
0 0 0 0 0 
0 0 0 0 0 
0 0 0 0 0 
0 0 0 0 0 
0 0 0 0 0 
0 0 0 0 0 
0 0 0 0 0 
0 0 0 0 0 
0 0 0 0 0 
0 0 0 0 0 
0 0 0 0 0 
0 0 0 0 0 
0 0 0 0 0 
0 0 0 0 0 
0 0 0 0 0 
0 0 0 0 0 
0 0 0 0 0 
0 0 0 0 0 
0 0 0 0 0 
0 0 0 0 0 
0 0 0 0 0 
0 0 0 0 0 
0 0 0 0 0 
0 0 0 0 0 
0 0 0 0 0 
0 0 0 0 0 
0 0 0 0 0 
0 0 0 0 0 
0 0 0 0 0 
0 0 0 0 0 
0 0 0 0 0 
0 0 0 0 0 
0 0 0 0 0 
0 0 0 0 0 
0 0 0 0 0 
0 0 0 0 0 
0 0 0 0 0 
0 0 0 0 0 
0 0 0 0 0 
0 0 0 0 0 
0 0 0 0 0 
0 0 0 0 0 
0 0 0 0 0 
0 0 0 0 0 
0 0 0 0 0 
0 0 0 0 0 
0 0 0 0 0 
0 0 0 0 0 
0 0 0 0 0 
0 0 0 0 0 
0 0 0 0 0 
0 0 0 0 0 
0 0 0 0 0 
0 0 0 0 0 
0 0 0 0 0 
0 0 0 0 0 
0 0 0 0 0 
0 0 0 0 0 
0 0 0 0 0 
0 0 0 0 0 
0 0 0 0 0 
0 0 0 0 0 
0 0 0 0 0 
0 0 0 0 0 
0 0 0 0 0 
0 0 0 0 0 
0 0 0 0 0 
0 0 0 0 0 
0 0 0 0 0 
0 0 0 0 0 
0 0 0 0 0 
0 0 0 0 0 
0 0 0 0 0 
0 0 0 0 0 
0 0 0 0 0 
0 0 0 0 0 
0 0 0 0 0 
0 0 0 0 0 
0 0 0 0 0 
0 0 0 0 0 
0 0 0 0 0 
0 0 0 0 0 
0 0 0 0 0 
0 0 0 0 0 
0 0 0 0 0 
0 0 0 0 0 
0 0 0 0 0 
0 0 0 0 0 
0 0 0 0 0 
0 0 0 0 0 
0 0 0 0 0 
0 0 0 0 0 
0 0 0 0 0 
0 0 0 0 0 
0 0 0 0 0 
0 0 0 0 0 
0 0 0 0 0 
0 0 0 0 0 
0 0 0 0 0 
0 0 0 0 0 
0 0 0 0 0 
0 0 0 0 0 
0 0 0 0 0 
0 0 0 0 0 
0 0 0 0 0 
0 0 0 0 0 
0 0 0 0 0 
0 0 0 0 0 
0 0 0 0 0 
0 0 0 0 0 
0 0 0 0 0 
0 0 0 0 0 
0 0 0 0 0 
0 0 0 0 0 
0 0 0 0 0 
0 0 0 0 0 
0 0 0 0 0 
0 0 0 0 0 
0 0 0 0 0 
0 0 0 0 0 
0 0 0 0 0 
0 0 0 0 0 
0 0 0 0 0 
0 0 0 0 0 
0 0 0 0 0 
0 0 0 0 0 
0 0 0 0 0 
0 0 0 0 0 
0 0 0 0 0 
0 0 0 0 0 
0 0 0 0 0 
0 0 0 0 0 
0 0 0 0 0 
0 0 0 0 0 
0 0 0 0 0 
0 0 0 0 0 
0 0 0 0 0 
0 0 0 0 0 
0 0 0 0 0 
0 0 0 0 0 
0 0 0 0 0 
0 0 0 0 0 
0 0 0 0 0 
0 0 0 0 0 
0 0 0 0 0 
0 0 0 0 0 
0 0 0 0 0 
0 0 0 0 0 
0 0 0 0 0 
0 0 0 0 0 
0 0 0 0 0 
0 0 0 0 0 
0 0 0 0 0 
0 0 0 0 0 
0 0 0 0 0 
0 0 0 0 0 
0 0 0 0 0 
0 0 0 0 0 
0 0 0 0 0 
0 0 0 0 0 
0 0 0 0 0 
0 0 0 0 0 
0 0 0 0 0 
0 0 0 0 0 
0 0 0 0 0 
0 0 0 0 0 
0 0 0 0 0 
0 0 0 0 0 
0 0 0 0 0 
0 0 0 0 0 
0 0 0 0 0 
0 0 0 0 0 
0 0 0 0 0 
0 0 0 0 0 
0 0 0 0 0 
0 0 0 0 0 
0 0 0 0 0 
0 0 0 0 0 
0 0 0 0 0 
0 0 0 0 0 
0 0 0 0 0 
0 0 0 0 0 
0 0 0 0 0 
0 0 0 0 0 
0 0 0 0 0 
0 0 0 0 0 
0 0 0 0 0 
0 0 0 0 0 
0 0 0 0 0 
0 0 0 0 0 
0 0 0 0 0 
0 0 0 0 0 
0 0 0 0 0 
0 0 0 0 0 
0 0 0 0 0 
0 0 0 0 0 
0 0 0 0 0 
0 0 0 0 0 
0 0 0 0 0 
0 0 0 0 0 
0 0 0 0 0 
0 0 0 0 0 
0 0 0 0 0 
0 0 0 0 0 
0 0 0 0 0 
0 0 0 0 0 
0 0 0 0 0 
0 0 0 0 0 
0 0 0 0 0 
0 0 0 0 0 
0 0 0 0 0 
0 0 0 0 0 
0 0 0 0 0 
0 0 0 0 0 
0 0 0 0 0 
0 0 0 0 0 
0 0 0 0 0 
0 0 0 0 0 
0 0 0 0 0 
0 0 0 0 0 
0 0 0 0 0 
0 0 0 0 0 
0 0 0 0 0 
0 0 0 0 0 
0 0 0 0 0 
0 0 0 0 0 
0 0 0 0 0 
0 0 0 0 0 
0 0 0 0 0 
0 0 0 0 0 
0 0 0 0 0 
0 0 0 0 0 
0 0 0 0 0 
0 0 0 0 0 
0 0 0 0 0 
0 0 0 0 0 
0 0 0 0 0 
0 0 0 0 0 
0 0 0 0 0 
0 0 0 0 0 
0 0 0 0 0 
0 0 0 0 0 
0 0 0 0 0 
0 0 0 0 0 
0 0 0 0 0 
0 0 0 0 0 
0 0 0 0 0 
0 0 0 0 0 
0 0 0 0 0 
0 0 0 0 0 
0 0 0 0 0 
0 0 0 0 0 
0 0 0 0 0 
0 0 0 0 0 
0 0 0 0 0 
0 0 0 0 0 
0 0 0 0 0 
0 0 0 0 0 
0 0 0 0 0 
0 0 0 0 0 
0 0 0 0 0 
0 0 0 0 0 
0 0 0 0 0 
0 0 0 0 0 
0 0 0 0 0 
0 0 0 0 0 
0 0 0 0 0 
0 0 0 0 0 
0 0 0 0 0 
0 0 0 0 0 
0 0 0 0 0 
0 0 0 0 0 
0 0 0 0 0 
0 0 0 0 0 
0 0 0 0 0 
0 0 0 0 0 
0 0 0 0 0 
0 0 0 0 0 
0 0 0 0 0 
0 0 0 0 0 
0 0 0 0 0 
0 0 0 0 0 
0 0 0 0 0 
0 0 0 0 0 
0 0 0 0 0 
0 0 0 0 0 
0 0 0 0 0 
0 0 0 0 0 
0 0 0 0 0 
0 0 0 0 0 
0 0 0 0 0 
0 0 0 0 0 
0 0 0 0 0 
0 0 0 0 0 
0 0 0 0 0 
0 0 0 0 0 
0 0 0 0 0 
0 0 0 0 0 
0 0 0 0 0 
0 0 0 0 0 
0 0 0 0 0 
0 0 0 0 0 
0 0 0 0 0 
0 0 0 0 0 
0 0 0 0 0 
0 0 0 0 0 
0 0 0 0 0 
0 0 0 0 0 
0 0 0 0 0 
0 0 0 0 0 
0 0 0 0 0 
0 0 0 0 0 
0 0 0 0 0 
0 0 0 0 0 
0 0 0 0 0 
0 0 0 0 0 
0 0 0 0 0 
0 0 0 0 0 
0 0 0 0 0 
0 0 0 0 0 
0 0 0 0 0 
0 0 0 0 0 
0 0 0 0 0 
0 0 0 0 0 
0 0 0 0 0 
0 0 0 0 0 
0 0 0 0 0 
0 0 0 0 0 
0 0 0 0 0 
0 0 0 0 0 
0 0 0 0 0 
0 0 0 0 0 
0 0 0 0 0 
0 0 0 0 0 
0 0 0 0 0 
0 0 0 0 0 
0 0 0 0 0 
0 0 0 0 0 
0 0 0 0 0 
0 0 0 0 0 
0 0 0 0 0 
0 0 0 0 0 
0 0 0 0 0 
0 0 0 0 0 
0 0 0 0 0 
0 0 0 0 0 
0 0 0 0 0 
0 0 0 0 0 
0 0 0 0 0 
0 0 0 0 0 
0 0 0 0 0 
0 0 0 0 0 
0 0 0 0 0 
0 0 0 0 0 
0 0 0 0 0 
0 0 0 0 0 
0 0 0 0 0 
0 0 0 0 0 
0 0 0 0 0 
0 0 0 0 0 
0 0 0 0 0 
0 0 0 0 0 
0 0 0 0 0 
0 0 0 0 0 
0 0 0 0 0 
0 0 0 0 0 
0 0 0 0 0 
0 0 0 0 0 
0 0 0 0 0 
0 0 0 0 0 
0 0 0 0 0 
0 0 0 0 0 
0 0 0 0 0 
0 0 0 0 0 
0 0 0 0 0 
0 0 0 0 0 
0 0 0 0 0 
0 0 0 0 0 
0 0 0 0 0 
0 0 0 0 0 
0 0 0 0 0 
0 0 0 0 0 
0 0 0 0 0 
0 0 0 0 0 
0 0 0 0 0 
0 0 0 0 0 
0 0 0 0 0 
0 0 0 0 0 
0 0 0 0 0 
0 0 0 0 0 
0 0 0 0 0 
0 0 0 0 0 
0 0 0 0 0 
0 0 0 0 0 
0 0 0 0 0 
0 0 0 0 0 
0 0 0 0 0 
0 0 0 0 0 
0 0 0 0 0 
0 0 0 0 0 
0 0 0 0 0 
0 0 0 0 0 
0 0 0 0 0 
0 0 0 0 0 
0 0 0 0 0 
0 0 0 0 0 
0 0 0 0 0 
0 0 0 0 0 
0 0 0 0 0 
0 0 0 0 0 
0 0 0 0 0 
0 0 0 0 0 
0 0 0 0 0 
0 0 0 0 0 
0 0 0 0 0 
0 0 0 0 0 
0 0 0 0 0 
0 0 0 0 0 
0 0 0 0 0 
0 0 0 0 0 
0 0 0 0 0 
0 0 0 0 0 
0 0 0 0 0 
0 0 0 0 0 
0 0 0 0 0 
0 0 0 0 0 
0 0 0 0 0 
0 0 0 0 0 
0 0 0 0 0 
0 0 0 0 0 
0 0 0 0 0 
0 0 0 0 0 
0 0 0 0 0 
0 0 0 0 0 
0 0 0 0 0 
0 0 0 0 0 
0 0 0 0 0 
0 0 0 0 0 
0 0 0 0 0 
0 0 0 0 0 
0 0 0 0 0 
0 0 0 0 0 
0 0 0 0 0 
0 0 0 0 0 
0 0 0 0 0 
0 0 0 0 0 
0 0 0 0 0 
0 0 0 0 0 
0 0 0 0 0 
0 0 0 0 0 
0 0 0 0 0 
0 0 0 0 0 
0 0 0 0 0 
0 0 0 0 0 
0 0 0 0 0 
0 0 0 0 0 
0 0 0 0 0 
0 0 0 0 0 
0 0 0 0 0 
0 0 0 0 0 
0 0 0 0 0 
0 0 0 0 0 
0 0 0 0 0 
0 0 0 0 0 
0 0 0 0 0 
0 0 0 0 0 
0 0 0 0 0 
0 0 0 0 0 
0 0 0 0 0 
0 0 0 0 0 
0 0 0 0 0 
0 0 0 0 0 
0 0 0 0 0 
0 0 0 0 0 
0 0 0 0 0 
0 0 0 0 0 
0 0 0 0 0 
0 0 0 0 0 
0 0 0 0 0 
0 0 0 0 0 
0 0 0 0 0 
0 0 0 0 0 
0 0 0 0 0 
0 0 0 0 0 
0 0 0 0 0 
0 0 0 0 0 
0 0 0 0 0 
0 0 0 0 0 
0 0 0 0 0 
0 0 0 0 0 
0 0 0 0 0 
0 0 0 0 0 
0 0 0 0 0 
0 0 0 0 0 
0 0 0 0 0 
0 0 0 0 0 
0 0 0 0 0 
0 0 0 0 0 
0 0 0 0 0 
0 0 0 0 0 
0 0 0 0 0 
0 0 0 0 0 
0 0 0 0 0 
0 0 0 0 0 
0 0 0 0 0 
0 0 0 0 0 
0 0 0 0 0 
0 0 0 0 0 
0 0 0 0 0 
0 0 0 0 0 
0 0 0 0 0 
0 0 0 0 0 
0 0 0 0 0 
0 0 0 0 0 
0 0 0 0 0 
0 0 0 0 0 
0 0 0 0 0 
0 0 0 0 0 
0 0 0 0 0 
0 0 0 0 0 
0 0 0 0 0 
0 0 0 0 0 
0 0 0 0 0 
0 0 0 0 0 
0 0 0 0 0 
0 0 0 0 0 
0 0 0 0 0 
0 0 0 0 0 
0 0 0 0 0 
0 0 0 0 0 
0 0 0 0 0 
0 0 0 0 0 
0 0 0 0 0 
0 0 0 0 0 
0 0 0 0 0 
0 0 0 0 0 
0 0 0 0 0 
0 0 0 0 0 
0 0 0 0 0 
0 0 0 0 0 
0 0 0 0 0 
0 0 0 0 0 
0 0 0 0 0 
0 0 0 0 0 
0 0 0 0 0 
0 0 0 0 0 
0 0 0 0 0 
0 0 0 0 0 
0 0 0 0 0 
0 0 0 0 0 
0 0 0 0 0 
0 0 0 0 0 
0 0 0 0 0 
0 0 0 0 0 
0 0 0 0 0 
0 0 0 0 0 
0 0 0 0 0 
0 0 0 0 0 
0 0 0 0 0 
0 0 0 0 0 
0 0 0 0 0 
0 0 0 0 0 
0 0 0 0 0 
0 0 0 0 0 
0 0 0 0 0 
0 0 0 0 0 
0 0 0 0 0 
0 0 0 0 0 
0 0 0 0 0 
0 0 0 0 0 
0 0 0 0 0 
0 0 0 0 0 
0 0 0 0 0 
0 0 0 0 0 
0 0 0 0 0 
0 0 0 0 0 
0 0 0 0 0 
0 0 0 0 0 
0 0 0 0 0 
0 0 0 0 0 
0 0 0 0 0 
0 0 0 0 0 
0 0 0 0 0 
0 0 0 0 0 
0 0 0 0 0 
0 0 0 0 0 
0 0 0 0 0 
0 0 0 0 0 
0 0 0 0 0 
0 0 0 0 0 
0 0 0 0 0 
0 0 0 0 0 
0 0 0 0 0 
0 0 0 0 0 
0 0 0 0 0 
0 0 0 0 0 
0 0 0 0 0 
0 0 0 0 0 
0 0 0 0 0 
0 0 0 0 0 
0 0 0 0 0 
0 0 0 0 0 
0 0 0 0 0 
0 0 0 0 0 
0 0 0 0 0 
0 0 0 0 0 
0 0 0 0 0 
0 0 0 0 0 
0 0 0 0 0 
0 0 0 0 0 
0 0 0 0 0 
0 0 0 0 0 
0 0 0 0 0 
0 0 0 0 0 
0 0 0 0 0 
0 0 0 0 0 
0 0 0 0 0 
0 0 0 0 0 
0 0 0 0 0 
0 0 0 0 0 
0 0 0 0 0 
0 0 0 0 0 
0 0 0 0 0 
0 0 0 0 0 
0 0 0 0 0 
0 0 0 0 0 
0 0 0 0 0 
0 0 0 0 0 
0 0 0 0 0 
0 0 0 0 0 
0 0 0 0 0 
0 0 0 0 0 
0 0 0 0 0 
0 0 0 0 0 
0 0 0 0 0 
0 0 0 0 0 
0 0 0 0 0 
0 0 0 0 0 
0 0 0 0 0 
0 0 0 0 0 
0 0 0 0 0 
0 0 0 0 0 
0 0 0 0 0 
0 0 0 0 0 
0 0 0 0 0 
0 0 0 0 0 
0 0 0 0 0 
0 0 0 0 0 
0 0 0 0 0 
0 0 0 0 0 
0 0 0 0 0 
0 0 0 0 0 
0 0 0 0 0 
0 0 0 0 0 
0 0 0 0 0 
0 0 0 0 0 
0 0 0 0 0 
0 0 0 0 0 
0 0 0 0 0 
0 0 0 0 0 
0 0 0 0 0 
0 0 0 0 0 
0 0 0 0 0 
0 0 0 0 0 
0 0 0 0 0 
0 0 0 0 0 
0 0 0 0 0 
0 0 0 0 0 
0 0 0 0 0 
0 0 0 0 0 
0 0 0 0 0 
0 0 0 0 0 
0 0 0 0 0 
0 0 0 0 0 
0 0 0 0 0 
0 0 0 0 0 
0 0 0 0 0 
0 0 0 0 0 
0 0 0 0 0 
0 0 0 0 0 
0 0 0 0 0 
0 0 0 0 0 
0 0 0 0 0 
0 0 0 0 0 
0 0 0 0 0 
0 0 0 0 0 
0 0 0 0 0 
0 0 0 0 0 
0 0 0 0 0 
0 0 0 0 0 
0 0 0 0 0 
0 0 0 0 0 
0 0 0 0 0 
0 0 0 0 0 
0 0 0 0 0 
0 0 0 0 0 
0 0 0 0 0 
0 0 0 0 0 
0 0 0 0 0 
0 0 0 0 0 
0 0 0 0 0 
0 0 0 0 0 
0 0 0 0 0 
0 0 0 0 0 
0 0 0 0 0 
0 0 0 0 0 
0 0 0 0 0 
0 0 0 0 0 
0 0 0 0 0 
0 0 0 0 0 
0 0 0 0 0 
0 0 0 0 0 
0 0 0 0 0 
0 0 0 0 0 
0 0 0 0 0 
0 0 0 0 0 
0 0 0 0 0 
0 0 0 0 0 
0 0 0 0 0 
0 0 0 0 0 
0 0 0 0 0 
0 0 0 0 0 
0 0 0 0 0 
0 0 0 0 0 
0 0 0 0 0 
0 0 0 0 0 
0 0 0 0 0 
0 0 0 0 0 
0 0 0 0 0 
0 0 0 0 0 
0 0 0 0 0 
0 0 0 0 0 
0 0 0 0 0 
0 0 0 0 0 
0 0 0 0 0 
0 0 0 0 0 
0 0 0 0 0 
0 0 0 0 0 
0 0 0 0 0 
0 0 0 0 0 
0 0 0 0 0 
0 0 0 0 0 
0 0 0 0 0 
0 0 0 0 0 
0 0 0 0 0 
0 0 0 0 0 
0 0 0 0 0 
0 0 0 0 0 
0 0 0 0 0 
0 0 0 0 0 
0 0 0 0 0 
0 0 0 0 0 
0 0 0 0 0 
0 0 0 0 0 
0 0 0 0 0 
0 0 0 0 0 
0 0 0 0 0 
0 0 0 0 0 
0 0 0 0 0 
0 0 0 0 0 
0 0 0 0 0 
0 0 0 0 0 
0 0 0 0 0 
0 0 0 0 0 
0 0 0 0 0 
0 0 0 0 0 
0 0 0 0 0 
0 0 0 0 0 
0 0 0 0 0 
0 0 0 0 0 
0 0 0 0 0 
0 0 0 0 0 
0 0 0 0 0 
0 0 0 0 0 
0 0 0 0 0 
0 0 0 0 0 
0 0 0 0 0 
0 0 0 0 0 
0 0 0 0 0 
0 0 0 0 0 
0 0 0 0 0 
0 0 0 0 0 
0 0 0 0 0 
0 0 0 0 0 
0 0 0 0 0 
0 0 0 0 0 
0 0 0 0 0 
0 0 0 0 0 
0 0 0 0 0 
0 0 0 0 0 
0 0 0 0 0 
0 0 0 0 0 
0 0 0 0 0 
0 0 0 0 0 
0 0 0 0 0 
0 0 0 0 0 
0 0 0 0 0 
0 0 0 0 0 
0 0 0 0 0 
0 0 0 0 0 
0 0 0 0 0 
0 0 0 0 0 
0 0 0 0 0 
0 0 0 0 0 
0 0 0 0 0 
0 0 0 0 0 
0 0 0 0 0 
0 0 0 0 0 
0 0 0 0 0 
0 0 0 0 0 
0 0 0 0 0 
0 0 0 0 0 
0 0 0 0 0 
0 0 0 0 0 
0 0 0 0 0 
0 0 0 0 0 
0 0 0 0 0 
0 0 0 0 0 
0 0 0 0 0 
0 0 0 0 0 
0 0 0 0 0 
0 0 0 0 0 
0 0 0 0 0 
0 0 0 0 0 
0 0 0 0 0 
0 0 0 0 0 
0 0 0 0 0 
0 0 0 0 0 
0 0 0 0 0 
0 0 0 0 0 
0 0 0 0 0 
0 0 0 0 0 
0 0 0 0 0 
0 0 0 0 0 
0 0 0 0 0 
0 0 0 0 0 
0 0 0 0 0 
0 0 0 0 0 
0 0 0 0 0 
0 0 0 0 0 
0 0 0 0 0 
0 0 0 0 0 
0 0 0 0 0 
0 0 0 0 0 
0 0 0 0 0 
0 0 0 0 0 
0 0 0 0 0 
0 0 0 0 0 
0 0 0 0 0 
0 0 0 0 0 
0 0 0 0 0 
0 0 0 0 0 
0 0 0 0 0 
0 0 0 0 0 
0 0 0 0 0 
0 0 0 0 0 
0 0 0 0 0 
0 0 0 0 0 
0 0 0 0 0 
0 0 0 0 0 
0 0 0 0 0 
0 0 0 0 0 
0 0 0 0 0 
0 0 0 0 0 
0 0 0 0 0 
0 0 0 0 0 
0 0 0 0 0 
0 0 0 0 0 
0 0 0 0 0 
0 0 0 0 0 
0 0 0 0 0 
0 0 0 0 0 
0 0 0 0 0 
0 0 0 0 0 
0 0 0 0 0 
0 0 0 0 0 
0 0 0 0 0 
0 0 0 0 0 
0 0 0 0 0 
0 0 0 0 0 
0 0 0 0 0 
0 0 0 0 0 
0 0 0 0 0 
0 0 0 0 0 
0 0 0 0 0 
0 0 0 0 0 
0 0 0 0 0 
0 0 0 0 0 
0 0 0 0 0 
0 0 0 0 0 
0 0 0 0 0 
0 0 0 0 0 
0 0 0 0 0 
0 0 0 0 0 
0 0 0 0 0 
0 0 0 0 0 
0 0 0 0 0 
0 0 0 0 0 
0 0 0 0 0 
0 0 0 0 0 
0 0 0 0 0 
0 0 0 0 0 
0 0 0 0 0 
0 0 0 0 0 
0 0 0 0 0 
0 0 0 0 0 
0 0 0 0 0 
0 0 0 0 0 
0 0 0 0 0 
0 0 0 0 0 
0 0 0 0 0 
0 0 0 0 0 
0 0 0 0 0 
0 0 0 0 0 
0 0 0 0 0 
0 0 0 0 0 
0 0 0 0 0 
0 0 0 0 0 
0 0 0 0 0 
0 0 0 0 0 
0 0 0 0 0 
0 0 0 0 0 
0 0 0 0 0 
0 0 0 0 0 
0 0 0 0 0 
0 0 0 0 0 
0 0 0 0 0 
0 0 0 0 0 
0 0 0 0 0 
0 0 0 0 0 
0 0 0 0 0 
0 0 0 0 0 
0 0 0 0 0 
0 0 0 0 0 
0 0 0 0 0 
0 0 0 0 0 
0 0 0 0 0 
0 0 0 0 0 
0 0 0 0 0 
0 0 0 0 0 
0 0 0 0 0 
0 0 0 0 0 
0 0 0 0 0 
0 0 0 0 0 
0 0 0 0 0 
0 0 0 0 0 
0 0 0 0 0 
0 0 0 0 0 
0 0 0 0 0 
0 0 0 0 0 
0 0 0 0 0 
0 0 0 0 0 
0 0 0 0 0 
0 0 0 0 0 
0 0 0 0 0 
0 0 0 0 0 
0 0 0 0 0 
0 0 0 0 0 
0 0 0 0 0 
0 0 0 0 0 
0 0 0 0 0 
0 0 0 0 0 
0 0 0 0 0 
0 0 0 0 0 
0 0 0 0 0 
0 0 0 0 0 
0 0 0 0 0 
0 0 0 0 0 
0 0 0 0 0 
0 0 0 0 0 
0 0 0 0 0 
0 0 0 0 0 
0 0 0 0 0 
0 0 0 0 0 
0 0 0 0 0 
0 0 0 0 0 
0 0 0 0 0 
0 0 0 0 0 
0 0 0 0 0 
0 0 0 0 0 
0 0 0 0 0 
0 0 0 0 0 
0 0 0 0 0 
0 0 0 0 0 
0 0 0 0 0 
0 0 0 0 0 
0 0 0 0 0 
0 0 0 0 0 
0 0 0 0 0 
0 0 0 0 0 
0 0 0 0 0 
0 0 0 0 0 
0 0 0 0 0 
0 0 0 0 0 
0 0 0 0 0 
0 0 0 0 0 
0 0 0 0 0 
0 0 0 0 0 
0 0 0 0 0 
0 0 0 0 0 
0 0 0 0 0 
0 0 0 0 0 
0 0 0 0 0 
0 0 0 0 0 
0 0 0 0 0 
0 0 0 0 0 
0 0 0 0 0 
0 0 0 0 0 
0 0 0 0 0 
0 0 0 0 0 
0 0 0 0 0 
0 0 0 0 0 
0 0 0 0 0 
0 0 0 0 0 
0 0 0 0 0 
0 0 0 0 0 
0 0 0 0 0 
0 0 0 0 0 
0 0 0 0 0 
0 0 0 0 0 
0 0 0 0 0 
0 0 0 0 0 
0 0 0 0 0 
0 0 0 0 0 
0 0 0 0 0 
0 0 0 0 0 
0 0 0 0 0 
0 0 0 0 0 
0 0 0 0 0 
0 0 0 0 0 
0 0 0 0 0 
0 0 0 0 0 
0 0 0 0 0 
0 0 0 0 0 
0 0 0 0 0 
0 0 0 0 0 
0 0 0 0 0 
0 0 0 0 0 
0 0 0 0 0 
0 0 0 0 0 
0 0 0 0 0 
0 0 0 0 0 
0 0 0 0 0 
0 0 0 0 0 
0 0 0 0 0 
0 0 0 0 0 
0 0 0 0 0 
0 0 0 0 0 
0 0 0 0 0 
0 0 0 0 0 
0 0 0 0 0 
0 0 0 0 0 
0 0 0 0 0 
0 0 0 0 0 
0 0 0 0 0 
0 0 0 0 0 
0 0 0 0 0 
0 0 0 0 0 
0 0 0 0 0 
0 0 0 0 0 
0 0 0 0 0 
0 0 0 0 0 
0 0 0 0 0 
0 0 0 0 0 
0 0 0 0 0 
0 0 0 0 0 
0 0 0 0 0 
0 0 0 0 0 
0 0 0 0 0 
0 0 0 0 0 
0 0 0 0 0 
0 0 0 0 0 
0 0 0 0 0 
0 0 0 0 0 
0 0 0 0 0 
0 0 0 0 0 
0 0 0 0 0 
0 0 0 0 0 
0 0 0 0 0 
0 0 0 0 0 
0 0 0 0 0 
0 0 0 0 0 
0 0 0 0 0 
0 0 0 0 0 
0 0 0 0 0 
0 0 0 0 0 
0 0 0 0 0 
0 0 0 0 0 
0 0 0 0 0 
0 0 0 0 0 
0 0 0 0 0 
0 0 0 0 0 
0 0 0 0 0 
0 0 0 0 0 
0 0 0 0 0 
0 0 0 0 0 
0 0 0 0 0 
0 0 0 0 0 
0 0 0 0 0 
0 0 0 0 0 
0 0 0 0 0 
0 0 0 0 0 
0 0 0 0 0 
0 0 0 0 0 
0 0 0 0 0 
0 0 0 0 0 
0 0 0 0 0 
0 0 0 0 0 
0 0 0 0 0 
0 0 0 0 0 
0 0 0 0 0 
0 0 0 0 0 
0 0 0 0 0 
0 0 0 0 0 
0 0 0 0 0 
0 0 0 0 0 
0 0 0 0 0 
0 0 0 0 0 
0 0 0 0 0 
0 0 0 0 0 
0 0 0 0 0 
0 0 0 0 0 
0 0 0 0 0 
0 0 0 0 0 
0 0 0 0 0 
0 0 0 0 0 
0 0 0 0 0 
0 0 0 0 0 
0 0 0 0 0 
0 0 0 0 0 
0 0 0 0 0 
0 0 0 0 0 
0 0 0 0 0 
0 0 0 0 0 
0 0 0 0 0 
0 0 0 0 0 
0 0 0 0 0 
0 0 0 0 0 
0 0 0 0 0 
0 0 0 0 0 
0 0 0 0 0 
0 0 0 0 0 
0 0 0 0 0 
0 0 0 0 0 
0 0 0 0 0 
0 0 0 0 0 
0 0 0 0 0 
0 0 0 0 0 
0 0 0 0 0 
0 0 0 0 0 
0 0 0 0 0 
0 0 0 0 0 
0 0 0 0 0 
0 0 0 0 0 
0 0 0 0 0 
0 0 0 0 0 
0 0 0 0 0 
0 0 0 0 0 
0 0 0 0 0 
0 0 0 0 0 
0 0 0 0 0 
0 0 0 0 0 
0 0 0 0 0 
0 0 0 0 0 
0 0 0 0 0 
0 0 0 0 0 
0 0 0 0 0 
0 0 0 0 0 
0 0 0 0 0 
0 0 0 0 0 
0 0 0 0 0 
0 0 0 0 0 
0 0 0 0 0 
0 0 0 0 0 
0 0 0 0 0 
0 0 0 0 0 
0 0 0 0 0 
0 0 0 0 0 
0 0 0 0 0 
0 0 0 0 0 
0 0 0 0 0 
0 0 0 0 0 
0 0 0 0 0 
0 0 0 0 0 
0 0 0 0 0 
0 0 0 0 0 
0 0 0 0 0 
0 0 0 0 0 
0 0 0 0 0 
0 0 0 0 0 
0 0 0 0 0 
0 0 0 0 0 
0 0 0 0 0 
0 0 0 0 0 
0 0 0 0 0 
0 0 0 0 0 
0 0 0 0 0 
0 0 0 0 0 
0 0 0 0 0 
0 0 0 0 0 
0 0 0 0 0 
0 0 0 0 0 
0 0 0 0 0 
0 0 0 0 0 
0 0 0 0 0 
0 0 0 0 0 
0 0 0 0 0 
0 0 0 0 0 
0 0 0 0 0 
0 0 0 0 0 
0 0 0 0 0 
0 0 0 0 0 
0 0 0 0 0 
0 0 0 0 0 
0 0 0 0 0 
0 0 0 0 0 
0 0 0 0 0 
0 0 0 0 0 
0 0 0 0 0 
0 0 0 0 0 
0 0 0 0 0 
0 0 0 0 0 
0 0 0 0 0 
0 0 0 0 0 
0 0 0 0 0 
0 0 0 0 0 
0 0 0 0 0 
0 0 0 0 0 
0 0 0 0 0 
0 0 0 0 0 
0 0 0 0 0 
0 0 0 0 0 
0 0 0 0 0 
0 0 0 0 0 
0 0 0 0 0 
0 0 0 0 0 
0 0 0 0 0 
0 0 0 0 0 
0 0 0 0 0 
0 0 0 0 0 
0 0 0 0 0 
0 0 0 0 0 
0 0 0 0 0 
0 0 0 0 0 
0 0 0 0 0 
0 0 0 0 0 
0 0 0 0 0 
0 0 0 0 0 
0 0 0 0 0 
0 0 0 0 0 
0 0 0 0 0 
0 0 0 0 0 
0 0 0 0 0 
0 0 0 0 0 
0 0 0 0 0 
0 0 0 0 0 
0 0 0 0 0 
0 0 0 0 0 
0 0 0 0 0 
0 0 0 0 0 
0 0 0 0 0 
0 0 0 0 0 
0 0 0 0 0 
0 0 0 0 0 
0 0 0 0 0 
0 0 0 0 0 
0 0 0 0 0 
0 0 0 0 0 
0 0 0 0 0 
0 0 0 0 0 
0 0 0 0 0 
0 0 0 0 0 
0 0 0 0 0 
0 0 0 0 0 
0 0 0 0 0 
0 0 0 0 0 
0 0 0 0 0 
0 0 0 0 0 
0 0 0 0 0 
0 0 0 0 0 
0 0 0 0 0 
0 0 0 0 0 
0 0 0 0 0 
0 0 0 0 0 
0 0 0 0 0 
0 0 0 0 0 
0 0 0 0 0 
0 0 0 0 0 
0 0 0 0 0 
0 0 0 0 0 
0 0 0 0 0 
0 0 0 0 0 
0 0 0 0 0 
0 0 0 0 0 
0 0 0 0 0 
0 0 0 0 0 
0 0 0 0 0 
0 0 0 0 0 
0 0 0 0 0 
0 0 0 0 0 
0 0 0 0 0 
0 0 0 0 0 
0 0 0 0 0 
0 0 0 0 0 
0 0 0 0 0 
0 0 0 0 0 
0 0 0 0 0 
0 0 0 0 0 
0 0 0 0 0 
0 0 0 0 0 
0 0 0 0 0 
0 0 0 0 0 
0 0 0 0 0 
0 0 0 0 0 
0 0 0 0 0 
0 0 0 0 0 
0 0 0 0 0 
0 0 0 0 0 
0 0 0 0 0 
0 0 0 0 0 
0 0 0 0 0 
0 0 0 0 0 
0 0 0 0 0 
0 0 0 0 0 
0 0 0 0 0 
0 0 0 0 0 
0 0 0 0 0 
0 0 0 0 0 
0 0 0 0 0 
0 0 0 0 0 
0 0 0 0 0 
0 0 0 0 0 
0 0 0 0 0 
0 0 0 0 0 
0 0 0 0 0 
0 0 0 0 0 
0 0 0 0 0 
0 0 0 0 0 
0 0 0 0 0 
0 0 0 0 0 
0 0 0 0 0 
0 0 0 0 0 
0 0 0 0 0 
0 0 0 0 0 
0 0 0 0 0 
0 0 0 0 0 
0 0 0 0 0 
0 0 0 0 0 
0 0 0 0 0 
0 0 0 0 0 
0 0 0 0 0 
0 0 0 0 0 
0 0 0 0 0 
0 0 0 0 0 
0 0 0 0 0 
0 0 0 0 0 
0 0 0 0 0 
0 0 0 0 0 
0 0 0 0 0 
0 0 0 0 0 
0 0 0 0 0 
0 0 0 0 0 
0 0 0 0 0 
0 0 0 0 0 
0 0 0 0 0 
0 0 0 0 0 
0 0 0 0 0 
0 0 0 0 0 
0 0 0 0 0 
0 0 0 0 0 
0 0 0 0 0 
0 0 0 0 0 
0 0 0 0 0 
0 0 0 0 0 
0 0 0 0 0 
0 0 0 0 0 
0 0 0 0 0 
0 0 0 0 0 
0 0 0 0 0 
0 0 0 0 0 
0 0 0 0 0 
0 0 0 0 0 
0 0 0 0 0 
0 0 0 0 0 
0 0 0 0 0 
0 0 0 0 0 
0 0 0 0 0 
0 0 0 0 0 
0 0 0 0 0 
0 0 0 0 0 
0 0 0 0 0 
0 0 0 0 0 
0 0 0 0 0 
0 0 0 0 0 
0 0 0 0 0 
0 0 0 0 0 
0 0 0 0 0 
0 0 0 0 0 
0 0 0 0 0 
0 0 0 0 0 
0 0 0 0 0 
0 0 0 0 0 
0 0 0 0 0 
0 0 0 0 0 
0 0 0 0 0 
0 0 0 0 0 
0 0 0 0 0 
0 0 0 0 0 
0 0 0 0 0 
0 0 0 0 0 
0 0 0 0 0 
0 0 0 0 0 
0 0 0 0 0 
0 0 0 0 0 
0 0 0 0 0 
0 0 0 0 0 
0 0 0 0 0 
0 0 0 0 0 
0 0 0 0 0 
0 0 0 0 0 
0 0 0 0 0 
0 0 0 0 0 
0 0 0 0 0 
0 0 0 0 0 
0 0 0 0 0 
0 0 0 0 0 
0 0 0 0 0 
0 0 0 0 0 
0 0 0 0 0 
0 0 0 0 0 
0 0 0 0 0 
0 0 0 0 0 
0 0 0 0 0 
0 0 0 0 0 
0 0 0 0 0 
0 0 0 0 0 
0 0 0 0 0 
0 0 0 0 0 
0 0 0 0 0 
0 0 0 0 0 
0 0 0 0 0 
0 0 0 0 0 
0 0 0 0 0 
0 0 0 0 0 
0 0 0 0 0 
0 0 0 0 0 
0 0 0 0 0 
0 0 0 0 0 
0 0 0 0 0 
0 0 0 0 0 
0 0 0 0 0 
0 0 0 0 0 
0 0 0 0 0 
0 0 0 0 0 
0 0 0 0 0 
0 0 0 0 0 
0 0 0 0 0 
0 0 0 0 0 
0 0 0 0 0 
0 0 0 0 0 
0 0 0 0 0 
0 0 0 0 0 
0 0 0 0 0 
0 0 0 0 0 
0 0 0 0 0 
0 0 0 0 0 
0 0 0 0 0 
0 0 0 0 0 
0 0 0 0 0 
0 0 0 0 0 
0 0 0 0 0 
0 0 0 0 0 
0 0 0 0 0 
0 0 0 0 0 
0 0 0 0 0 
0 0 0 0 0 
0 0 0 0 0 
0 0 0 0 0 
0 0 0 0 0 
0 0 0 0 0 
0 0 0 0 0 
0 0 0 0 0 
0 0 0 0 0 
0 0 0 0 0 
0 0 0 0 0 
0 0 0 0 0 
0 0 0 0 0 
0 0 0 0 0 
0 0 0 0 0 
0 0 0 0 0 
0 0 0 0 0 
0 0 0 0 0 
0 0 0 0 0 
0 0 0 0 0 
0 0 0 0 0 
0 0 0 0 0 
0 0 0 0 0 
0 0 0 0 0 
0 0 0 0 0 
0 0 0 0 0 
0 0 0 0 0 
0 0 0 0 0 
0 0 0 0 0 
0 0 0 0 0 
0 0 0 0 0 
0 0 0 0 0 
0 0 0 0 0 
0 0 0 0 0 
0 0 0 0 0 
0 0 0 0 0 
0 0 0 0 0 
0 0 0 0 0 
0 0 0 0 0 
0 0 0 0 0 
0 0 0 0 0 
0 0 0 0 0 
0 0 0 0 0 
0 0 0 0 0 
0 0 0 0 0 
0 0 0 0 0 
0 0 0 0 0 
0 0 0 0 0 
0 0 0 0 0 
0 0 0 0 0 
0 0 0 0 0 
0 0 0 0 0 
0 0 0 0 0 
0 0 0 0 0 
0 0 0 0 0 
0 0 0 0 0 
0 0 0 0 0 
0 0 0 0 0 
0 0 0 0 0 
0 0 0 0 0 
0 0 0 0 0 
0 0 0 0 0 
0 0 0 0 0 
0 0 0 0 0 
0 0 0 0 0 
0 0 0 0 0 
0 0 0 0 0 
0 0 0 0 0 
0 0 0 0 0 
0 0 0 0 0 
0 0 0 0 0 
0 0 0 0 0 
0 0 0 0 0 
0 0 0 0 0 
0 0 0 0 0 
0 0 0 0 0 
0 0 0 0 0 
0 0 0 0 0 
0 0 0 0 0 
0 0 0 0 0 
0 0 0 0 0 
0 0 0 0 0 
0 0 0 0 0 
0 0 0 0 0 
0 0 0 0 0 
0 0 0 0 0 
0 0 0 0 0 
0 0 0 0 0 
0 0 0 0 0 
0 0 0 0 0 
0 0 0 0 0 
0 0 0 0 0 
0 0 0 0 0 
0 0 0 0 0 
0 0 0 0 0 
0 0 0 0 0 
0 0 0 0 0 
0 0 0 0 0 
0 0 0 0 0 
0 0 0 0 0 
0 0 0 0 0 
0 0 0 0 0 
0 0 0 0 0 
0 0 0 0 0 
0 0 0 0 0 
0 0 0 0 0 
0 0 0 0 0 
0 0 0 0 0 
0 0 0 0 0 
0 0 0 0 0 
0 0 0 0 0 
0 0 0 0 0 
0 0 0 0 0 
0 0 0 0 0 
0 0 0 0 0 
0 0 0 0 0 
0 0 0 0 0 
0 0 0 0 0 
0 0 0 0 0 
0 0 0 0 0 
0 0 0 0 0 
0 0 0 0 0 
0 0 0 0 0 
0 0 0 0 0 
0 0 0 0 0 
0 0 0 0 0 
0 0 0 0 0 
0 0 0 0 0 
0 0 0 0 0 
0 0 0 0 0 
0 0 0 0 0 
0 0 0 0 0 
0 0 0 0 0 
0 0 0 0 0 
0 0 0 0 0 
0 0 0 0 0 
0 0 0 0 0 
0 0 0 0 0 
0 0 0 0 0 
0 0 0 0 0 
0 0 0 0 0 
0 0 0 0 0 
0 0 0 0 0 
0 0 0 0 0 
0 0 0 0 0 
0 0 0 0 0 
0 0 0 0 0 
0 0 0 0 0 
0 0 0 0 0 
0 0 0 0 0 
0 0 0 0 0 
0 0 0 0 0 
0 0 0 0 0 
0 0 0 0 0 
0 0 0 0 0 
0 0 0 0 0 
0 0 0 0 0 
0 0 0 0 0 
0 0 0 0 0 
0 0 0 0 0 
0 0 0 0 0 
0 0 0 0 0 
0 0 0 0 0 
0 0 0 0 0 
0 0 0 0 0 
0 0 0 0 0 
0 0 0 0 0 
0 0 0 0 0 
0 0 0 0 0 
0 0 0 0 0 
0 0 0 0 0 
0 0 0 0 0 
0 0 0 0 0 
0 0 0 0 0 
0 0 0 0 0 
0 0 0 0 0 
0 0 0 0 0 
0 0 0 0 0 
