0.005 0.399797742304402 0 0 0 
0.01 0.399429867279877 0 0 0 
0.015 0.398816742255352 0 0 0 
0.02 0.397958367230827 0 0 0 
0.025 0.396854742206302 0 0 0 
0.03 0.395505867181777 0 0 0 
0.035 0.393911742157252 0 0 0 
0.04 0.392072367132727 0 0 0 
0.045 0.389987742108202 0 0 0 
0.05 0.387657867083677 0 0 0 
0.055 0.385082742059152 0 0 0 
0.06 0.382262367034627 0 0 0 
0.065 0.379196742010102 0 0 0 
0.07 0.375885866985577 0 0 0 
0.075 0.372329741961052 0 0 0 
0.08 0.368528366936527 0 0 0 
0.085 0.364481741912002 0 0 0 
0.09 0.360189866887477 0 0 0 
0.095 0.355652741862952 0 0 0 
0.1 0.350870366838427 0 0 0 
0.105 0.345842741813902 0 0 0 
0.11 0.340569866789377 0 0 0 
0.115 0.335051741764852 0 0 0 
0.12 0.329288366740327 0 0 0 
0.125 0.323279741715802 0 0 0 
0.13 0.317025866691277 0 0 0 
0.135 0.310526741666752 0 0 0 
0.14 0.303782366642227 0 0 0 
0.145 0.296792741617702 0 0 0 
0.15 0.289557866593177 0 0 0 
0.155 0.282077741568652 0 0 0 
0.16 0.274352366544127 0 0 0 
0.165 0.266381741519602 0 0 0 
0.17 0.258165866495077 0 0 0 
0.175 0.249704741470551 0 0 0 
0.18 0.240998366446026 0 0 0 
0.185 0.232046741421501 0 0 0 
0.19 0.228009314314312 0 0 0 
0.195 0.228886083060679 0 0 0 
0.2 0.229517601807046 0 0 0 
0.205 0.229903870553413 0 0 0 
0.21 0.23004488929978 0 0 0 
0.215 0.229940658046147 0 0 0 
0.22 0.229591176792514 0 0 0 
0.225 0.228996445538881 0 0 0 
0.23 0.228156464285248 0 0 0 
0.235 0.227071233031615 0 0 0 
0.24 0.225740751777982 0 0 0 
0.245 0.226740375961547 0 0 0 
0.25 0.230070104552169 0 0 0 
0.255 0.23315458314279 0 0 0 
0.26 0.235993811733412 0 0 0 
0.265 0.238587790324033 0 0 0 
0.27 0.240936518914655 0 0 0 
0.275 0.243039997505276 0 0 0 
0.28 0.244898226095898 0 0 0 
0.285 0.24651120468652 0 0 0 
0.29 0.247878933277141 0 0 0 
0.295 0.249001411867763 0 0 0 
0.3 0.249878640458385 0 0 0 
0.305 0.250510619049006 0 0 0 
0.31 0.250897347639628 0 0 0 
0.315 0.251038826230249 0 0 0 
0.32 0.250935054820871 0 0 0 
0.325 0.250586033411492 0 0 0 
0.33 0.249991762002114 0 0 0 
0.335 0.249152240592736 0 0 0 
0.34 0.248067469183357 0 0 0 
0.345 0.246737447773979 0 0 0 
0.35 0.2451621763646 0 0 0 
0.355 0.243341654955222 0 0 0 
0.36 0.241275883545844 0 0 0 
0.365 0.238964862136465 0 0 0 
0.37 0.236408590727087 0 0 0 
0.375 0.233607069317708 0 0 0 
0.38 0.23056029790833 0 0 0 
0.385 0.227268276498952 0 0 0 
0.39 0.223731005089573 0 0 0 
0.395 0.221360669857264 0 0 0 
0.4 0.220157270237148 0 0 0 
0.405 0.218708620617033 0 0 0 
0.41 0.217014720996918 0 0 0 
0.415 0.215075571376802 0 0 0 
0.42 0.212891171756687 0 0 0 
0.425 0.210461522136572 0 0 0 
0.43 0.207786622516457 0 0 0 
0.435 0.204866472896341 0 0 0 
0.44 0.204247021843942 0 0 0 
0.445 0.20592826834088 0 0 0 
0.45 0.207364264837818 0 0 0 
0.455 0.208555011334755 0 0 0 
0.46 0.209500507831693 0 0 0 
0.465 0.210200754328631 0 0 0 
0.47 0.210655750825568 0 0 0 
0.475 0.210865497322506 0 0 0 
0.48 0.210829993819444 0 0 0 
0.485 0.210549240316381 0 0 0 
0.49 0.210023236813319 0 0 0 
0.495 0.209251983310257 0 0 0 
0.5 0.208235479807194 0 0 0 
0.505 0.206973726304132 0 0 0 
0.51 0.20546672280107 0 0 0 
0.515 0.204016337528864 0 0 0 
0.52 0.202622570366768 0 0 0 
0.525 0.200983553204672 0 0 0 
0.53 0.199099286042576 0 0 0 
0.535 0.198452748630121 0 0 0 
0.54 0.199043940374115 0 0 0 
0.545 0.199389882118109 0 0 0 
0.55 0.199916029630857 0 0 0 
0.555 0.200622382742177 0 0 0 
0.56 0.201083485853497 0 0 0 
0.565 0.201299338964817 0 0 0 
0.57 0.201269942076137 0 0 0 
0.575 0.200995295187457 0 0 0 
0.58 0.200475398298777 0 0 0 
0.585 0.199927250215226 0 0 0 
0.59 0.199350850850004 0 0 0 
0.595 0.199042133999151 0 0 0 
0.6 0.199182995478074 0 0 0 
0.605 0.199388736033411 0 0 0 
0.61 0.199477459666047 0 0 0 
0.615 0.199320933298683 0 0 0 
0.62 0.199341171261062 0 0 0 
0.625 0.199570231666526 0 0 0 
0.63 0.199586100341316 0 0 0 
0.635 0.199451188378139 0 0 0 
0.64 0.199408036615982 0 0 0 
0.645 0.199513906001013 0 0 0 
0.65 0.199528259335417 0 0 0 
0.655 0.19943188743917 0 0 0 
0.66 0.199421427613882 0 0 0 
0.665 0.199492778106487 0 0 0 
0.67 0.199503405284389 0 0 0 
0.675 0.199500644154984 0 0 0 
0.68 0.199484087987441 0 0 0 
0.685 0.199479922315117 0 0 0 
0.690000000000001 0.199487893637802 0 0 0 
0.695000000000001 0.199484935402967 0 0 0 
0.700000000000001 0.199470861265923 0 0 0 
0.705000000000001 0.199466789881241 0 0 0 
0.710000000000001 0.199472575041049 0 0 0 
0.715000000000001 0.199469488919489 0 0 0 
0.720000000000001 0.199457414270761 0 0 0 
0.725000000000001 0.199453429203802 0 0 0 
0.730000000000001 0.199457439033272 0 0 0 
0.735000000000001 0.199454253436378 0 0 0 
0.740000000000001 0.199457120477052 0 0 0 
0.745000000000001 0.19945454013275 0 0 0 
0.750000000000001 0.199456862436983 0 0 0 
0.755000000000001 0.199454772358082 0 0 0 
0.760000000000001 0.199456653423955 0 0 0 
0.765000000000001 0.19945496046083 0 0 0 
0.770000000000001 0.199456484126989 0 0 0 
0.775000000000001 0.19945511282806 0 0 0 
0.780000000000001 0.199456346996532 0 0 0 
0.785000000000001 0.199455236245422 0 0 0 
0.790000000000001 0.199456235920954 0 0 0 
0.795000000000001 0.199455336208428 0 0 0 
0.800000000000001 0.199456145944354 0 0 0 
0.805000000000001 0.199455417178339 0 0 0 
0.810000000000001 0.199456073067041 0 0 0 
0.815000000000001 0.199455482767849 0 0 0 
0.820000000000001 0.199456014036546 0 0 0 
0.825000000000001 0.199455535895236 0 0 0 
0.830000000000001 0.199455966221947 0 0 0 
0.835000000000001 0.199455578923399 0 0 0 
0.840000000000001 0.19945592749122 0 0 0 
0.845000000000001 0.199455613780963 0 0 0 
0.850000000000001 0.199455896119488 0 0 0 
0.855000000000001 0.199455642015448 0 0 0 
0.860000000000001 0.19945587070851 0 0 0 
0.865000000000001 0.199455664885265 0 0 0 
0.870000000000001 0.199455850125719 0 0 0 
0.875000000000001 0.199455683409723 0 0 0 
0.880000000000001 0.199455833458138 0 0 0 
0.885000000000001 0.199455698415336 0 0 0 
0.890000000000001 0.199455819953152 0 0 0 
0.895000000000001 0.19945571056974 0 0 0 
0.900000000000001 0.199455809014237 0 0 0 
0.905000000000001 0.199455720414691 0 0 0 
0.910000000000001 0.199455800153814 0 0 0 
0.915000000000001 0.199455728389005 0 0 0 
0.920000000000001 0.19945579298131 0 0 0 
0.925000000000001 0.199455734848992 0 0 0 
0.930000000000001 0.199455787167369 0 0 0 
0.935000000000001 0.199455740081436 0 0 0 
0.940000000000001 0.199455782458194 0 0 0 
0.945000000000001 0.199455744319596 0 0 0 
0.950000000000001 0.199455778643854 0 0 0 
0.955000000000001 0.199455747752403 0 0 0 
0.960000000000001 0.199455775558634 0 0 0 
0.965000000000001 0.199455750533756 0 0 0 
0.970000000000001 0.19945577305542 0 0 0 
0.975000000000001 0.199455752786499 0 0 0 
0.980000000000001 0.199455771027923 0 0 0 
0.985000000000001 0.19945575461109 0 0 0 
0.990000000000001 0.199455769385729 0 0 0 
0.995000000000001 0.199455756088894 0 0 0 
1 0.199455768059895 0 0 0 
1.005 0.199455757286671 0 0 0 
1.01 0.1994557669818 0 0 0 
1.015 0.199455758256698 0 0 0 
1.02 0.199455766108627 0 0 0 
1.025 0.199455759042265 0 0 0 
1.03 0.199455765401407 0 0 0 
1.035 0.199455759678431 0 0 0 
1.04 0.199455764832829 0 0 0 
1.045 0.199455760194437 0 0 0 
1.05 0.199455764368107 0 0 0 
1.055 0.199455760612185 0 0 0 
1.06 0.199455763991714 0 0 0 
1.065 0.199455760950352 0 0 0 
1.07 0.199455763686825 0 0 0 
1.075 0.19945576121938 0 0 0 
1.08 0.199455763438872 0 0 0 
1.085 0.199455761441656 0 0 0 
1.09 0.199455763238016 0 0 0 
1.095 0.199455761621384 0 0 0 
1.1 0.199455763075242 0 0 0 
1.105 0.199455761766632 0 0 0 
1.11 0.199455762943249 0 0 0 
1.115 0.199455761879302 0 0 0 
1.12 0.199455762835185 0 0 0 
1.125 0.199455761974696 0 0 0 
1.13 0.199455762747436 0 0 0 
1.135 0.199455762051427 0 0 0 
1.14 0.199455762676035 0 0 0 
1.145 0.199455762112978 0 0 0 
1.15 0.199455762617754 0 0 0 
1.155 0.199455762157601 0 0 0 
1.16 0.199455762569042 0 0 0 
1.165 0.199455762197408 0 0 0 
1.17 0.199455762528926 0 0 0 
1.175 0.199455762228624 0 0 0 
1.18 0.199455762495569 0 0 0 
1.185 0.199455762252714 0 0 0 
1.19 0.199455762467449 0 0 0 
1.195 0.199455762266392 0 0 0 
1.2 0.199455762442379 0 0 0 
1.205 0.199455762280145 0 0 0 
1.21 0.199455762420441 0 0 0 
1.215 0.199455762289183 0 0 0 
1.22 0.199455762400629 0 0 0 
1.225 0.199455762294001 0 0 0 
1.23 0.199455762386731 0 0 0 
1.235 0.199455762295903 0 0 0 
1.24 0.199455762367685 0 0 0 
1.245 0.199455762293728 0 0 0 
1.25 0.19945576234851 0 0 0 
1.255 0.199455762287503 0 0 0 
1.26 0.199455762328345 0 0 0 
1.265 0.199455762277089 0 0 0 
1.26999999999999 0.199455762310518 0 0 0 
1.27499999999999 0.199455762263138 0 0 0 
1.27999999999999 0.199455762284867 0 0 0 
1.28499999999999 0.199455762243871 0 0 0 
1.28999999999999 0.199455762255685 0 0 0 
1.29499999999999 0.199455762218626 0 0 0 
1.29999999999999 0.199455762226054 0 0 0 
1.30499999999999 0.199455762187694 0 0 0 
1.30999999999999 0.199455762184943 0 0 0 
1.31499999999999 0.199455762148337 0 0 0 
1.31999999999999 0.199455762136458 0 0 0 
1.32499999999999 0.199455762099131 0 0 0 
1.32999999999999 0.199455762082059 0 0 0 
1.33499999999999 0.199455762039597 0 0 0 
1.33999999999999 0.199455762011342 0 0 0 
1.34499999999999 0.19945576196565 0 0 0 
1.34999999999999 0.199455761926654 0 0 0 
1.35499999999999 0.19945576187249 0 0 0 
1.35999999999999 0.199455761823236 0 0 0 
1.36499999999999 0.199455761761982 0 0 0 
1.36999999999999 0.199455761698938 0 0 0 
1.37499999999999 0.199455761626265 0 0 0 
1.37999999999999 0.199455761548427 0 0 0 
1.38499999999999 0.199455761460738 0 0 0 
1.38999999999999 0.199455761365518 0 0 0 
1.39499999999999 0.199455761259217 0 0 0 
1.39999999999999 0.199455761143059 0 0 0 
1.40499999999999 0.199455761013983 0 0 0 
1.40999999999999 0.199455760872445 0 0 0 
1.41499999999999 0.199455760715432 0 0 0 
1.41999999999999 0.199455760543398 0 0 0 
1.42499999999999 0.199455760352741 0 0 0 
1.42999999999999 0.199455760143136 0 0 0 
1.43499999999999 0.199455759911412 0 0 0 
1.43999999999999 0.199455759656251 0 0 0 
1.44499999999999 0.199455759374479 0 0 0 
1.44999999999999 0.199455759063961 0 0 0 
1.45499999999999 0.199455758721263 0 0 0 
1.45999999999999 0.199455758343446 0 0 0 
1.46499999999999 0.199455757926603 0 0 0 
1.46999999999999 0.199455757466949 0 0 0 
1.47499999999999 0.199455756959896 0 0 0 
1.47999999999999 0.199455756400709 0 0 0 
1.48499999999999 0.19945575578391 0 0 0 
1.48999999999999 0.19945575510366 0 0 0 
1.49499999999999 0.199455754353359 0 0 0 
1.49999999999999 0.199455753525854 0 0 0 
1.50499999999999 0.199455752613157 0 0 0 
1.50999999999999 0.199455751606536 0 0 0 
1.51499999999999 0.199455750496299 0 0 0 
1.51999999999999 0.199455749271805 0 0 0 
1.52499999999999 0.199455747921282 0 0 0 
1.52999999999999 0.199455746431774 0 0 0 
1.53499999999999 0.199455744788969 0 0 0 
1.53999999999999 0.199455742977104 0 0 0 
1.54499999999999 0.199455740978775 0 0 0 
1.54999999999999 0.199455738774803 0 0 0 
1.55499999999999 0.199455736344024 0 0 0 
1.55999999999999 0.199455733663104 0 0 0 
1.56499999999999 0.199455730706306 0 0 0 
1.56999999999999 0.199455727445244 0 0 0 
1.57499999999999 0.199455723848613 0 0 0 
1.57999999999999 0.199455719881887 0 0 0 
1.58499999999999 0.199455715508666 0 0 0 
1.58999999999999 0.199455710687526 0 0 0 
1.59499999999999 0.199455705369811 0 0 0 
1.59999999999999 0.199455699504585 0 0 0 
1.60499999999999 0.199455693036378 0 0 0 
1.60999999999999 0.199455685902625 0 0 0 
1.61499999999999 0.199455678034975 0 0 0 
1.61999999999999 0.19945566935795 0 0 0 
1.62499999999999 0.19945565978234 0 0 0 
1.62999999999999 0.199455649224245 0 0 0 
1.63499999999999 0.199455637578307 0 0 0 
1.63999999999999 0.199455624735148 0 0 0 
1.64499999999999 0.199455610569825 0 0 0 
1.64999999999999 0.199455594942033 0 0 0 
1.65499999999999 0.199455577710033 0 0 0 
1.65999999999999 0.199455558703405 0 0 0 
1.66499999999999 0.199455537742388 0 0 0 
1.66999999999999 0.199455514619025 0 0 0 
1.67499999999999 0.199455489115792 0 0 0 
1.67999999999999 0.19945546098995 0 0 0 
1.68499999999999 0.199455429969842 0 0 0 
1.68999999999999 0.199455395759135 0 0 0 
1.69499999999999 0.199455358028524 0 0 0 
1.69999999999999 0.199455316416712 0 0 0 
1.70499999999999 0.199455270523805 0 0 0 
1.70999999999999 0.199455219904728 0 0 0 
1.71499999999999 0.199455164077351 0 0 0 
1.71999999999999 0.19945510250753 0 0 0 
1.72499999999999 0.199455034603034 0 0 0 
1.72999999999999 0.199454959713433 0 0 0 
1.73499999999998 0.199454877119098 0 0 0 
1.73999999999998 0.199454786028289 0 0 0 
1.74499999999998 0.199454685566212 0 0 0 
1.74999999999998 0.199454574769428 0 0 0 
1.75499999999998 0.199454452569028 0 0 0 
1.75999999999998 0.199454317796888 0 0 0 
1.76499999999998 0.199454169160647 0 0 0 
1.76999999999998 0.199454005233232 0 0 0 
1.77499999999998 0.199453824442353 0 0 0 
1.77999999999998 0.199453625052607 0 0 0 
1.78499999999998 0.199453405151275 0 0 0 
1.78999999999998 0.199453162627843 0 0 0 
1.79499999999998 0.19945289515065 0 0 0 
1.79999999999998 0.199452600156809 0 0 0 
1.80499999999998 0.199452274817056 0 0 0 
1.80999999999998 0.199451916008602 0 0 0 
1.81499999999998 0.199451520289704 0 0 0 
1.81999999999998 0.199451083862616 0 0 0 
1.82499999999998 0.199450602540756 0 0 0 
1.82999999999998 0.19945007170537 0 0 0 
1.83499999999998 0.19944948626407 0 0 0 
1.83999999999998 0.199448840594332 0 0 0 
1.84499999999998 0.199448128506271 0 0 0 
1.84999999999998 0.199447343168895 0 0 0 
1.85499999999998 0.199446477047621 0 0 0 
1.85999999999998 0.199445521834078 0 0 0 
1.86499999999998 0.199444468364671 0 0 0 
1.86999999999998 0.199443306534387 0 0 0 
1.87499999999998 0.19944202519853 0 0 0 
1.87999999999998 0.199440612062357 0 0 0 
1.88499999999998 0.199439053575908 0 0 0 
1.88999999999998 0.199437334793388 0 0 0 
1.89499999999998 0.199435439230497 0 0 0 
1.89999999999998 0.199433348710718 0 0 0 
1.90499999999998 0.199431043187727 0 0 0 
1.90999999999998 0.19942850055691 0 0 0 
1.91499999999998 0.199425696441019 0 0 0 
1.91999999999998 0.199422603959781 0 0 0 
1.92499999999998 0.199419193465535 0 0 0 
1.92999999999998 0.19941543227652 0 0 0 
1.93499999999998 0.199411284350515 0 0 0 
1.93999999999998 0.199406709944033 0 0 0 
1.94499999999998 0.199401665235131 0 0 0 
1.94999999999998 0.199396101904096 0 0 0 
1.95499999999998 0.199389966674732 0 0 0 
1.95999999999998 0.199383200806013 0 0 0 
1.96499999999998 0.199375739534741 0 0 0 
1.96999999999998 0.199367511459256 0 0 0 
1.97499999999998 0.199358437856977 0 0 0 
1.97999999999998 0.199348431953769 0 0 0 
1.98499999999998 0.19933739808904 0 0 0 
1.98999999999998 0.19932523081236 0 0 0 
1.99499999999998 0.19931181389262 0 0 0 
1.99999999999998 0.199297019218807 0 0 0 
2.00499999999998 0.19928070559876 0 0 0 
2.00999999999998 0.199262717430786 0 0 0 
2.01499999999998 0.199242883249571 0 0 0 
2.01999999999998 0.199221014122059 0 0 0 
2.02499999999998 0.199196901883551 0 0 0 
2.02999999999998 0.199170317221184 0 0 0 
2.03499999999998 0.199141007537893 0 0 0 
2.03999999999998 0.199108694623937 0 0 0 
2.04499999999998 0.199073072108703 0 0 0 
2.04999999999998 0.199033802655756 0 0 0 
2.05499999999998 0.198990514900593 0 0 0 
2.05999999999998 0.198942800088922 0 0 0 
2.06499999999998 0.19889020840791 0 0 0 
2.06999999999998 0.198832244968927 0 0 0 
2.07499999999998 0.198768365428058 0 0 0 
2.07999999999998 0.198697971203144 0 0 0 
2.08499999999998 0.198620404268552 0 0 0 
2.08999999999998 0.198534941486743 0 0 0 
2.09499999999998 0.198440788454199 0 0 0 
2.09999999999998 0.198337072811409 0 0 0 
2.10499999999998 0.198222837043533 0 0 0 
2.10999999999998 0.198097030639341 0 0 0 
2.11499999999998 0.197958501670149 0 0 0 
2.11999999999998 0.197805987733103 0 0 0 
2.12499999999998 0.197638106224824 0 0 0 
2.12999999999998 0.197453343950701 0 0 0 
2.13499999999998 0.197250046042467 0 0 0 
2.13999999999998 0.197026404202114 0 0 0 
2.14499999999998 0.196780444269545 0 0 0 
2.14999999999998 0.196510013154913 0 0 0 
2.15499999999998 0.196212765167676 0 0 0 
2.15999999999998 0.195886147818567 0 0 0 
2.16499999999998 0.195527387173405 0 0 0 
2.16999999999998 0.195133472884299 0 0 0 
2.17499999999998 0.194701143037762 0 0 0 
2.17999999999998 0.194226869009189 0 0 0 
2.18499999999998 0.193706840536903 0 0 0 
2.18999999999998 0.193136951281375 0 0 0 
2.19499999999998 0.192512785165475 0 0 0 
2.19999999999998 0.191829603843167 0 0 0 
2.20499999999998 0.191082335674857 0 0 0 
2.20999999999998 0.190265566631728 0 0 0 
2.21499999999997 0.189372881713938 0 0 0 
2.21999999999997 0.188398408758663 0 0 0 
2.22499999999997 0.187336124020131 0 0 0 
2.22999999999997 0.186178973045204 0 0 0 
2.23499999999997 0.184919895032839 0 0 0 
2.23999999999997 0.183551331880596 0 0 0 
2.24499999999997 0.182003511751034 0 0 0 
2.24999999999997 0.180360216494685 0 0 0 
2.25499999999997 0.178621446051639 0 0 0 
2.25999999999997 0.176637425608594 0 0 0 
2.26499999999997 0.174559855448993 0 0 0 
2.26999999999997 0.172388735512157 0 0 0 
2.27499999999997 0.172126828308911 0 0 0 
2.27999999999997 0.173774132977471 0 0 0 
2.28499999999997 0.175176187646031 0 0 0 
2.28999999999997 0.176332992314591 0 0 0 
2.29499999999997 0.177244546983151 0 0 0 
2.29999999999997 0.177910851651711 0 0 0 
2.30499999999997 0.178331906320272 0 0 0 
2.30999999999997 0.178507710988832 0 0 0 
2.31499999999997 0.178438265657392 0 0 0 
2.31999999999997 0.178123570325952 0 0 0 
2.32499999999997 0.177563624994512 0 0 0 
2.32999999999997 0.176758429663072 0 0 0 
2.33499999999997 0.176466122278064 0 0 0 
2.33999999999997 0.176686702536232 0 0 0 
2.34499999999997 0.1766620327944 0 0 0 
2.34999999999997 0.176392113052568 0 0 0 
2.35499999999997 0.175876943310736 0 0 0 
2.35999999999997 0.175116523568904 0 0 0 
2.36499999999997 0.174424074613856 0 0 0 
2.36999999999997 0.173799596320306 0 0 0 
2.37499999999997 0.172989003628558 0 0 0 
2.37999999999997 0.172851671012385 0 0 0 
2.38499999999997 0.173328462549888 0 0 0 
2.38999999999997 0.173560004087391 0 0 0 
2.39499999999997 0.173546295624894 0 0 0 
2.39999999999997 0.173545627796636 0 0 0 
2.40499999999997 0.173558000499301 0 0 0 
2.40999999999997 0.173418282135142 0 0 0 
2.41499999999997 0.173190645749754 0 0 0 
2.41999999999997 0.173119123723894 0 0 0 
2.42499999999997 0.17321107502149 0 0 0 
2.42999999999997 0.17320391401993 0 0 0 
2.43499999999997 0.173099265315056 0 0 0 
2.43999999999997 0.173060736104113 0 0 0 
2.44499999999997 0.173088607957805 0 0 0 
2.44999999999997 0.173083279279753 0 0 0 
2.45499999999997 0.173044782559334 0 0 0 
2.45999999999997 0.173022869876079 0 0 0 
2.46499999999997 0.173033826218014 0 0 0 
2.46999999999997 0.173028348046194 0 0 0 
2.47499999999997 0.173031087134681 0 0 0 
2.47999999999997 0.173029717586202 0 0 0 
2.48499999999997 0.173030402365798 0 0 0 
2.48999999999997 0.173030059970547 0 0 0 
2.49499999999997 0.173030231167559 0 0 0 
2.49999999999997 0.173030145567426 0 0 0 
2.50499999999997 0.173030188367751 0 0 0 
2.50999999999997 0.173030166969689 0 0 0 
2.51499999999997 0.173030177667483 0 0 0 
2.51999999999997 0.17303017232094 0 0 0 
2.52499999999997 0.173030174985339 0 0 0 
2.52999999999997 0.17303017366059 0 0 0 
2.53499999999997 0.173030174323809 0 0 0 
2.53999999999997 0.173030173994391 0 0 0 
2.54499999999997 0.173030174160879 0 0 0 
2.54999999999997 0.173030174077433 0 0 0 
2.55499999999997 0.1730301741206 0 0 0 
2.55999999999997 0.173030174095972 0 0 0 
2.56499999999997 0.173030174110325 0 0 0 
2.56999999999997 0.173030174099909 0 0 0 
2.57499999999997 0.173030174110474 0 0 0 
2.57999999999997 0.173030174104068 0 0 0 
2.58499999999997 0.173030174106771 0 0 0 
2.58999999999997 0.173030174107009 0 0 0 
2.59499999999997 0.173030174101765 0 0 0 
2.59999999999997 0.17303017410753 0 0 0 
2.60499999999997 0.173030174106065 0 0 0 
2.60999999999997 0.173030174098157 0 0 0 
2.61499999999997 0.173030174096557 0 0 0 
2.61999999999997 0.173030174103588 0 0 0 
2.62499999999997 0.17303017410683 0 0 0 
2.62999999999997 0.173030174101078 0 0 0 
2.63499999999997 0.173030174096782 0 0 0 
2.63999999999997 0.173030174101185 0 0 0 
2.64499999999997 0.173030174106174 0 0 0 
2.64999999999997 0.173030174103171 0 0 0 
2.65499999999997 0.173030174097839 0 0 0 
2.65999999999997 0.173030174099455 0 0 0 
2.66499999999997 0.173030174104799 0 0 0 
2.66999999999997 0.173030174104483 0 0 0 
2.67499999999997 0.173030174099417 0 0 0 
2.67999999999997 0.173030174098582 0 0 0 
2.68499999999996 0.173030174103129 0 0 0 
2.68999999999996 0.173030174104926 0 0 0 
2.69499999999996 0.173030174101077 0 0 0 
2.69999999999996 0.173030174098538 0 0 0 
2.70499999999996 0.173030174101568 0 0 0 
2.70999999999996 0.173030174104618 0 0 0 
2.71499999999996 0.173030174102467 0 0 0 
2.71999999999996 0.173030174099137 0 0 0 
2.72499999999996 0.173030174100403 0 0 0 
2.72999999999996 0.173030174103798 0 0 0 
2.73499999999996 0.173030174103373 0 0 0 
2.73999999999996 0.173030174100105 0 0 0 
2.74499999999996 0.173030174099772 0 0 0 
2.74999999999996 0.173030174102752 0 0 0 
2.75499999999996 0.173030174103729 0 0 0 
2.75999999999996 0.173030174101162 0 0 0 
2.76499999999996 0.173030174099676 0 0 0 
2.76999999999996 0.173030174101742 0 0 0 
2.77499999999996 0.173030174103593 0 0 0 
2.77999999999996 0.173030174102075 0 0 0 
2.78499999999996 0.173030174100006 0 0 0 
2.78999999999996 0.173030174100963 0 0 0 
2.79499999999996 0.17303017410311 0 0 0 
2.79999999999996 0.173030174102696 0 0 0 
2.80499999999996 0.173030174100597 0 0 0 
2.80999999999996 0.173030174100515 0 0 0 
2.81499999999996 0.173030174102459 0 0 0 
2.81999999999996 0.173030174102969 0 0 0 
2.82499999999996 0.173030174101267 0 0 0 
2.82999999999996 0.173030174100409 0 0 0 
2.83499999999996 0.173030174101809 0 0 0 
2.83999999999996 0.173030174102923 0 0 0 
2.84499999999996 0.173030174101864 0 0 0 
2.84999999999996 0.173030174100586 0 0 0 
2.85499999999996 0.17303017410129 0 0 0 
2.85999999999996 0.173030174102642 0 0 0 
2.86499999999996 0.173030174102285 0 0 0 
2.86999999999996 0.173030174100943 0 0 0 
2.87499999999996 0.173030174100976 0 0 0 
2.87999999999996 0.173030174102238 0 0 0 
2.88499999999996 0.173030174102489 0 0 0 
2.88999999999996 0.173030174101365 0 0 0 
2.89499999999996 0.17303017410088 0 0 0 
2.89999999999996 0.173030174101822 0 0 0 
2.90499999999996 0.173030174102486 0 0 0 
2.90999999999996 0.173030174101754 0 0 0 
2.91499999999996 0.17303017410097 0 0 0 
2.91999999999996 0.173030174101479 0 0 0 
2.92499999999996 0.173030174102325 0 0 0 
2.92999999999996 0.173030174102039 0 0 0 
2.93499999999996 0.173030174101184 0 0 0 
2.93999999999996 0.17303017410126 0 0 0 
2.94499999999996 0.173030174102076 0 0 0 
2.94999999999996 0.173030174102187 0 0 0 
2.95499999999996 0.173030174101449 0 0 0 
2.95999999999996 0.173030174101181 0 0 0 
2.96499999999996 0.173030174101811 0 0 0 
2.96999999999996 0.173030174102202 0 0 0 
2.97499999999996 0.173030174101701 0 0 0 
2.97999999999996 0.173030174101223 0 0 0 
2.98499999999996 0.173030174101585 0 0 0 
2.98999999999996 0.173030174102112 0 0 0 
2.99499999999996 0.173030174101892 0 0 0 
2.99999999999996 0.17303017410135 0 0 0 
3.00499999999996 0.173030174101434 0 0 0 
3.00999999999996 0.17303017410196 0 0 0 
3.01499999999996 0.173030174101998 0 0 0 
3.01999999999996 0.173030174101516 0 0 0 
3.02499999999996 0.173030174101372 0 0 0 
3.02999999999996 0.173030174101791 0 0 0 
3.03499999999996 0.173030174102019 0 0 0 
3.03999999999996 0.173030174101678 0 0 0 
3.04499999999996 0.173030174101389 0 0 0 
3.04999999999996 0.173030174101643 0 0 0 
3.05499999999996 0.17303017410197 0 0 0 
3.05999999999996 0.173030174101805 0 0 0 
3.06499999999996 0.173030174101463 0 0 0 
3.06999999999996 0.173030174101541 0 0 0 
3.07499999999996 0.173030174101877 0 0 0 
3.07999999999996 0.173030174101881 0 0 0 
3.08499999999996 0.173030174101566 0 0 0 
3.08999999999996 0.173030174101493 0 0 0 
3.09499999999996 0.173030174101771 0 0 0 
3.09999999999996 0.173030174101901 0 0 0 
3.10499999999996 0.173030174101671 0 0 0 
3.10999999999996 0.173030174101498 0 0 0 
3.11499999999996 0.173030174101674 0 0 0 
3.11999999999996 0.173030174101875 0 0 0 
3.12499999999996 0.173030174101755 0 0 0 
3.12999999999996 0.173030174101541 0 0 0 
3.13499999999996 0.173030174101605 0 0 0 
3.13999999999996 0.17303017410182 0 0 0 
3.14499999999996 0.173030174101808 0 0 0 
3.14999999999996 0.173030174101604 0 0 0 
3.15499999999995 0.17303017410157 0 0 0 
3.15999999999995 0.173030174101752 0 0 0 
3.16499999999995 0.173030174101825 0 0 0 
3.16999999999995 0.173030174101671 0 0 0 
3.17499999999995 0.173030174101568 0 0 0 
3.17999999999995 0.17303017410169 0 0 0 
3.18499999999995 0.173030174101813 0 0 0 
3.18999999999995 0.173030174101727 0 0 0 
3.19499999999995 0.173030174101593 0 0 0 
3.19999999999995 0.173030174101643 0 0 0 
3.20499999999995 0.17303017410178 0 0 0 
3.20999999999995 0.173030174101763 0 0 0 
3.21499999999995 0.173030174101632 0 0 0 
3.21999999999995 0.173030174101618 0 0 0 
3.22499999999995 0.173030174101737 0 0 0 
3.22999999999995 0.173030174101777 0 0 0 
3.23499999999995 0.173030174101674 0 0 0 
3.23999999999995 0.173030174101614 0 0 0 
3.24499999999995 0.173030174101697 0 0 0 
3.24999999999995 0.173030174101772 0 0 0 
3.25499999999995 0.173030174101711 0 0 0 
3.25999999999995 0.173030174101627 0 0 0 
3.26499999999995 0.173030174101665 0 0 0 
3.26999999999995 0.173030174101752 0 0 0 
3.27499999999995 0.173030174101736 0 0 0 
3.27999999999995 0.173030174101651 0 0 0 
3.28499999999995 0.173030174101648 0 0 0 
3.28999999999995 0.173030174101726 0 0 0 
3.29499999999995 0.173030174101747 0 0 0 
3.29999999999995 0.173030174101678 0 0 0 
3.30499999999995 0.173030174101643 0 0 0 
3.30999999999995 0.1730301741017 0 0 0 
3.31499999999995 0.173030174101745 0 0 0 
3.31999999999995 0.173030174101702 0 0 0 
3.32499999999995 0.173030174101651 0 0 0 
3.32999999999995 0.173030174101679 0 0 0 
3.33499999999995 0.173030174101733 0 0 0 
3.33999999999995 0.173030174101719 0 0 0 
3.34499999999995 0.173030174101665 0 0 0 
3.34999999999995 0.173030174101666 0 0 0 
3.35499999999995 0.173030174101717 0 0 0 
3.35999999999995 0.173030174101727 0 0 0 
3.36499999999995 0.173030174101682 0 0 0 
3.36999999999995 0.173030174101662 0 0 0 
3.37499999999995 0.1730301741017 0 0 0 
3.37999999999995 0.173030174101727 0 0 0 
3.38499999999995 0.173030174101698 0 0 0 
3.38999999999995 0.173030174101666 0 0 0 
3.39499999999995 0.173030174101686 0 0 0 
3.39999999999995 0.173030174101721 0 0 0 
3.40499999999995 0.173030174101709 0 0 0 
3.40999999999995 0.173030174101675 0 0 0 
3.41499999999995 0.173030174101678 0 0 0 
3.41999999999995 0.173030174101711 0 0 0 
3.42499999999995 0.173030174101715 0 0 0 
3.42999999999995 0.173030174101685 0 0 0 
3.43499999999995 0.173030174101675 0 0 0 
3.43999999999995 0.1730301741017 0 0 0 
3.44499999999995 0.173030174101716 0 0 0 
3.44999999999995 0.173030174101696 0 0 0 
3.45499999999995 0.173030174101676 0 0 0 
3.45999999999995 0.173030174101691 0 0 0 
3.46499999999995 0.173030174101712 0 0 0 
3.46999999999995 0.173030174101703 0 0 0 
3.47499999999995 0.173030174101681 0 0 0 
3.47999999999995 0.173030174101685 0 0 0 
3.48499999999995 0.173030174101706 0 0 0 
3.48999999999995 0.173030174101707 0 0 0 
3.49499999999995 0.173030174101688 0 0 0 
3.49999999999995 0.173030174101682 0 0 0 
3.50499999999995 0.173030174101699 0 0 0 
3.50999999999995 0.173030174101708 0 0 0 
3.51499999999995 0.173030174101695 0 0 0 
3.51999999999995 0.173030174101683 0 0 0 
3.52499999999995 0.173030174101693 0 0 0 
3.52999999999995 0.173030174101706 0 0 0 
3.53499999999995 0.1730301741017 0 0 0 
3.53999999999995 0.173030174101686 0 0 0 
3.54499999999995 0.173030174101689 0 0 0 
3.54999999999995 0.173030174101703 0 0 0 
3.55499999999995 0.173030174101703 0 0 0 
3.55999999999995 0.17303017410169 0 0 0 
3.56499999999995 0.173030174101687 0 0 0 
3.56999999999995 0.173030174101698 0 0 0 
3.57499999999995 0.173030174101704 0 0 0 
3.57999999999995 0.173030174101694 0 0 0 
3.58499999999995 0.173030174101687 0 0 0 
3.58999999999995 0.173030174101694 0 0 0 
3.59499999999995 0.173030174101702 0 0 0 
3.59999999999995 0.173030174101698 0 0 0 
3.60499999999995 0.173030174101689 0 0 0 
3.60999999999995 0.173030174101692 0 0 0 
3.61499999999995 0.1730301741017 0 0 0 
3.61999999999995 0.1730301741017 0 0 0 
3.62499999999994 0.173030174101692 0 0 0 
3.62999999999994 0.17303017410169 0 0 0 
3.63499999999994 0.173030174101698 0 0 0 
3.63999999999994 0.1730301741017 0 0 0 
3.64499999999994 0.173030174101694 0 0 0 
3.64999999999994 0.17303017410169 0 0 0 
3.65499999999994 0.173030174101695 0 0 0 
3.65999999999994 0.1730301741017 0 0 0 
3.66499999999994 0.173030174101696 0 0 0 
3.66999999999994 0.173030174101691 0 0 0 
3.67499999999994 0.173030174101693 0 0 0 
3.67999999999994 0.173030174101699 0 0 0 
3.68499999999994 0.173030174101698 0 0 0 
3.68999999999994 0.173030174101693 0 0 0 
3.69499999999994 0.173030174101692 0 0 0 
3.69999999999994 0.173030174101697 0 0 0 
3.70499999999994 0.173030174101699 0 0 0 
3.70999999999994 0.173030174101694 0 0 0 
3.71499999999994 0.173030174101692 0 0 0 
3.71999999999994 0.173030174101695 0 0 0 
3.72499999999994 0.173030174101698 0 0 0 
3.72999999999994 0.173030174101696 0 0 0 
3.73499999999994 0.173030174101692 0 0 0 
3.73999999999994 0.173030174101694 0 0 0 
3.74499999999994 0.173030174101697 0 0 0 
3.74999999999994 0.173030174101697 0 0 0 
3.75499999999994 0.173030174101693 0 0 0 
3.75999999999994 0.173030174101693 0 0 0 
3.76499999999994 0.173030174101696 0 0 0 
3.76999999999994 0.173030174101697 0 0 0 
3.77499999999994 0.173030174101695 0 0 0 
3.77999999999994 0.173030174101693 0 0 0 
3.78499999999994 0.173030174101695 0 0 0 
3.78999999999994 0.173030174101697 0 0 0 
3.79499999999994 0.173030174101696 0 0 0 
3.79999999999994 0.173030174101693 0 0 0 
3.80499999999994 0.173030174101695 0 0 0 
3.80999999999994 0.173030174101697 0 0 0 
3.81499999999994 0.173030174101696 0 0 0 
3.81999999999994 0.173030174101694 0 0 0 
3.82499999999994 0.173030174101694 0 0 0 
3.82999999999994 0.173030174101696 0 0 0 
3.83499999999994 0.173030174101697 0 0 0 
3.83999999999994 0.173030174101695 0 0 0 
3.84499999999994 0.173030174101694 0 0 0 
3.84999999999994 0.173030174101695 0 0 0 
3.85499999999994 0.173030174101697 0 0 0 
3.85999999999994 0.173030174101695 0 0 0 
3.86499999999994 0.173030174101694 0 0 0 
3.86999999999994 0.173030174101695 0 0 0 
3.87499999999994 0.173030174101696 0 0 0 
3.87999999999994 0.173030174101696 0 0 0 
3.88499999999994 0.173030174101695 0 0 0 
3.88999999999994 0.173030174101695 0 0 0 
3.89499999999994 0.173030174101696 0 0 0 
3.89999999999994 0.173030174101696 0 0 0 
3.90499999999994 0.173030174101695 0 0 0 
3.90999999999994 0.173030174101695 0 0 0 
3.91499999999994 0.173030174101696 0 0 0 
3.91999999999994 0.173030174101696 0 0 0 
3.92499999999994 0.173030174101695 0 0 0 
3.92999999999994 0.173030174101695 0 0 0 
3.93499999999994 0.173030174101695 0 0 0 
3.93999999999994 0.173030174101696 0 0 0 
3.94499999999994 0.173030174101696 0 0 0 
3.94999999999994 0.173030174101695 0 0 0 
3.95499999999994 0.173030174101695 0 0 0 
3.95999999999994 0.173030174101696 0 0 0 
3.96499999999994 0.173030174101696 0 0 0 
3.96999999999994 0.173030174101695 0 0 0 
3.97499999999994 0.173030174101695 0 0 0 
3.97999999999994 0.173030174101695 0 0 0 
3.98499999999994 0.173030174101696 0 0 0 
3.98999999999994 0.173030174101695 0 0 0 
3.99499999999994 0.173030174101695 0 0 0 
3.99999999999994 0.173030174101695 0 0 0 
4.00499999999994 0.173030174101696 0 0 0 
4.00999999999994 0.173030174101696 0 0 0 
4.01499999999994 0.173030174101695 0 0 0 
4.01999999999994 0.173030174101695 0 0 0 
4.02499999999994 0.173030174101696 0 0 0 
4.02999999999994 0.173030174101696 0 0 0 
4.03499999999994 0.173030174101695 0 0 0 
4.03999999999994 0.173030174101695 0 0 0 
4.04499999999994 0.173030174101695 0 0 0 
4.04999999999994 0.173030174101696 0 0 0 
4.05499999999994 0.173030174101695 0 0 0 
4.05999999999994 0.173030174101695 0 0 0 
4.06499999999994 0.173030174101695 0 0 0 
4.06999999999994 0.173030174101696 0 0 0 
4.07499999999994 0.173030174101695 0 0 0 
4.07999999999994 0.173030174101695 0 0 0 
4.08499999999994 0.173030174101695 0 0 0 
4.08999999999994 0.173030174101696 0 0 0 
4.09499999999993 0.173030174101696 0 0 0 
4.09999999999993 0.173030174101695 0 0 0 
4.10499999999993 0.173030174101695 0 0 0 
4.10999999999993 0.173030174101695 0 0 0 
4.11499999999993 0.173030174101696 0 0 0 
4.11999999999993 0.173030174101695 0 0 0 
4.12499999999993 0.173030174101695 0 0 0 
4.12999999999993 0.173030174101695 0 0 0 
4.13499999999993 0.173030174101696 0 0 0 
4.13999999999993 0.173030174101696 0 0 0 
4.14499999999993 0.173030174101695 0 0 0 
4.14999999999993 0.173030174101695 0 0 0 
4.15499999999993 0.173030174101696 0 0 0 
4.15999999999993 0.173030174101696 0 0 0 
4.16499999999993 0.173030174101695 0 0 0 
4.16999999999993 0.173030174101695 0 0 0 
4.17499999999993 0.173030174101696 0 0 0 
4.17999999999993 0.173030174101696 0 0 0 
4.18499999999993 0.173030174101695 0 0 0 
4.18999999999993 0.173030174101695 0 0 0 
4.19499999999993 0.173030174101695 0 0 0 
4.19999999999993 0.173030174101696 0 0 0 
4.20499999999993 0.173030174101695 0 0 0 
4.20999999999993 0.173030174101695 0 0 0 
4.21499999999993 0.173030174101695 0 0 0 
4.21999999999993 0.173030174101696 0 0 0 
4.22499999999993 0.173030174101696 0 0 0 
4.22999999999993 0.173030174101695 0 0 0 
4.23499999999993 0.173030174101695 0 0 0 
4.23999999999993 0.173030174101696 0 0 0 
4.24499999999993 0.173030174101696 0 0 0 
4.24999999999993 0.173030174101695 0 0 0 
4.25499999999993 0.173030174101695 0 0 0 
4.25999999999993 0.173030174101696 0 0 0 
4.26499999999993 0.173030174101696 0 0 0 
4.26999999999993 0.173030174101696 0 0 0 
4.27499999999993 0.173030174101695 0 0 0 
4.27999999999993 0.173030174101695 0 0 0 
4.28499999999993 0.173030174101696 0 0 0 
4.28999999999993 0.173030174101696 0 0 0 
4.29499999999993 0.173030174101695 0 0 0 
4.29999999999993 0.173030174101695 0 0 0 
4.30499999999993 0.173030174101696 0 0 0 
4.30999999999993 0.173030174101696 0 0 0 
4.31499999999993 0.173030174101695 0 0 0 
4.31999999999993 0.173030174101695 0 0 0 
4.32499999999993 0.173030174101695 0 0 0 
4.32999999999993 0.173030174101696 0 0 0 
4.33499999999993 0.173030174101695 0 0 0 
4.33999999999993 0.173030174101695 0 0 0 
4.34499999999993 0.173030174101695 0 0 0 
4.34999999999993 0.173030174101696 0 0 0 
4.35499999999993 0.173030174101696 0 0 0 
4.35999999999993 0.173030174101695 0 0 0 
4.36499999999993 0.173030174101695 0 0 0 
4.36999999999993 0.173030174101696 0 0 0 
4.37499999999993 0.173030174101696 0 0 0 
4.37999999999993 0.173030174101695 0 0 0 
4.38499999999993 0.173030174101695 0 0 0 
4.38999999999993 0.173030174101696 0 0 0 
4.39499999999993 0.173030174101696 0 0 0 
4.39999999999993 0.173030174101695 0 0 0 
4.40499999999993 0.173030174101695 0 0 0 
4.40999999999993 0.173030174101695 0 0 0 
4.41499999999993 0.173030174101695 0 0 0 
4.41999999999993 0.173030174101695 0 0 0 
4.42499999999993 0.173030174101695 0 0 0 
4.42999999999993 0.173030174101695 0 0 0 
4.43499999999993 0.173030174101695 0 0 0 
4.43999999999993 0.173030174101695 0 0 0 
4.44499999999993 0.173030174101695 0 0 0 
4.44999999999993 0.173030174101695 0 0 0 
4.45499999999993 0.173030174101695 0 0 0 
4.45999999999993 0.173030174101695 0 0 0 
4.46499999999993 0.173030174101695 0 0 0 
4.46999999999993 0.173030174101695 0 0 0 
4.47499999999993 0.173030174101695 0 0 0 
4.47999999999993 0.173030174101695 0 0 0 
4.48499999999993 0.173030174101695 0 0 0 
4.48999999999993 0.173030174101695 0 0 0 
4.49499999999993 0.173030174101695 0 0 0 
4.49999999999993 0.173030174101695 0 0 0 
4.50499999999993 0.173030174101695 0 0 0 
4.50999999999993 0.173030174101695 0 0 0 
4.51499999999993 0.173030174101695 0 0 0 
4.51999999999993 0.173030174101695 0 0 0 
4.52499999999993 0.173030174101695 0 0 0 
4.52999999999993 0.173030174101695 0 0 0 
4.53499999999993 0.173030174101695 0 0 0 
4.53999999999993 0.173030174101695 0 0 0 
4.54499999999993 0.173030174101695 0 0 0 
4.54999999999993 0.173030174101695 0 0 0 
4.55499999999993 0.173030174101695 0 0 0 
4.55999999999993 0.173030174101695 0 0 0 
4.56499999999992 0.173030174101695 0 0 0 
4.56999999999992 0.173030174101695 0 0 0 
4.57499999999992 0.173030174101695 0 0 0 
4.57999999999992 0.173030174101695 0 0 0 
4.58499999999992 0.173030174101695 0 0 0 
4.58999999999992 0.173030174101695 0 0 0 
4.59499999999992 0.173030174101695 0 0 0 
4.59999999999992 0.173030174101695 0 0 0 
4.60499999999992 0.173030174101695 0 0 0 
4.60999999999992 0.173030174101695 0 0 0 
4.61499999999992 0.173030174101695 0 0 0 
4.61999999999992 0.173030174101695 0 0 0 
4.62499999999992 0.173030174101695 0 0 0 
4.62999999999992 0.173030174101695 0 0 0 
4.63499999999992 0.173030174101695 0 0 0 
4.63999999999992 0.173030174101695 0 0 0 
4.64499999999992 0.173030174101695 0 0 0 
4.64999999999992 0.173030174101695 0 0 0 
4.65499999999992 0.173030174101695 0 0 0 
4.65999999999992 0.173030174101695 0 0 0 
4.66499999999992 0.173030174101695 0 0 0 
4.66999999999992 0.173030174101695 0 0 0 
4.67499999999992 0.173030174101695 0 0 0 
4.67999999999992 0.173030174101695 0 0 0 
4.68499999999992 0.173030174101695 0 0 0 
4.68999999999992 0.173030174101695 0 0 0 
4.69499999999992 0.173030174101695 0 0 0 
4.69999999999992 0.173030174101695 0 0 0 
4.70499999999992 0.173030174101695 0 0 0 
4.70999999999992 0.173030174101695 0 0 0 
4.71499999999992 0.173030174101695 0 0 0 
4.71999999999992 0.173030174101695 0 0 0 
4.72499999999992 0.173030174101695 0 0 0 
4.72999999999992 0.173030174101695 0 0 0 
4.73499999999992 0.173030174101695 0 0 0 
4.73999999999992 0.173030174101695 0 0 0 
4.74499999999992 0.173030174101695 0 0 0 
4.74999999999992 0.173030174101695 0 0 0 
4.75499999999992 0.173030174101695 0 0 0 
4.75999999999992 0.173030174101695 0 0 0 
4.76499999999992 0.173030174101695 0 0 0 
4.76999999999992 0.173030174101695 0 0 0 
4.77499999999992 0.173030174101695 0 0 0 
4.77999999999992 0.173030174101695 0 0 0 
4.78499999999992 0.173030174101695 0 0 0 
4.78999999999992 0.173030174101695 0 0 0 
4.79499999999992 0.173030174101695 0 0 0 
4.79999999999992 0.173030174101695 0 0 0 
4.80499999999992 0.173030174101695 0 0 0 
4.80999999999992 0.173030174101695 0 0 0 
4.81499999999992 0.173030174101695 0 0 0 
4.81999999999992 0.173030174101695 0 0 0 
4.82499999999992 0.173030174101695 0 0 0 
4.82999999999992 0.173030174101695 0 0 0 
4.83499999999992 0.173030174101695 0 0 0 
4.83999999999992 0.173030174101695 0 0 0 
4.84499999999992 0.173030174101695 0 0 0 
4.84999999999992 0.173030174101695 0 0 0 
4.85499999999992 0.173030174101695 0 0 0 
4.85999999999992 0.173030174101695 0 0 0 
4.86499999999992 0.173030174101695 0 0 0 
4.86999999999992 0.173030174101695 0 0 0 
4.87499999999992 0.173030174101695 0 0 0 
4.87999999999992 0.173030174101695 0 0 0 
4.88499999999992 0.173030174101695 0 0 0 
4.88999999999992 0.173030174101695 0 0 0 
4.89499999999992 0.173030174101695 0 0 0 
4.89999999999992 0.173030174101695 0 0 0 
4.90499999999992 0.173030174101695 0 0 0 
4.90999999999992 0.173030174101695 0 0 0 
4.91499999999992 0.173030174101695 0 0 0 
4.91999999999992 0.173030174101695 0 0 0 
4.92499999999992 0.173030174101695 0 0 0 
4.92999999999992 0.173030174101695 0 0 0 
4.93499999999992 0.173030174101695 0 0 0 
4.93999999999992 0.173030174101695 0 0 0 
4.94499999999992 0.173030174101695 0 0 0 
4.94999999999992 0.173030174101695 0 0 0 
4.95499999999992 0.173030174101695 0 0 0 
4.95999999999992 0.173030174101695 0 0 0 
4.96499999999992 0.173030174101695 0 0 0 
4.96999999999992 0.173030174101695 0 0 0 
4.97499999999992 0.173030174101695 0 0 0 
4.97999999999992 0.173030174101695 0 0 0 
4.98499999999992 0.173030174101695 0 0 0 
4.98999999999992 0.173030174101695 0 0 0 
4.99499999999992 0.173030174101695 0 0 0 
4.99999999999992 0.173030174101695 0 0 0 
5.00499999999992 0.173030174101695 0 0 0 
5.00999999999992 0.173030174101695 0 0 0 
5.01499999999992 0.173030174101695 0 0 0 
5.01999999999992 0.173030174101695 0 0 0 
5.02499999999992 0.173030174101695 0 0 0 
5.02999999999991 0.173030174101695 0 0 0 
5.03499999999991 0.173030174101695 0 0 0 
5.03999999999991 0.173030174101695 0 0 0 
5.04499999999991 0.173030174101695 0 0 0 
5.04999999999991 0.173030174101695 0 0 0 
5.05499999999991 0.173030174101695 0 0 0 
5.05999999999991 0.173030174101695 0 0 0 
5.06499999999991 0.173030174101695 0 0 0 
5.06999999999991 0.173030174101695 0 0 0 
5.07499999999991 0.173030174101695 0 0 0 
5.07999999999991 0.173030174101695 0 0 0 
5.08499999999991 0.173030174101695 0 0 0 
5.08999999999991 0.173030174101695 0 0 0 
5.09499999999991 0.173030174101695 0 0 0 
5.09999999999991 0.173030174101695 0 0 0 
5.10499999999991 0.173030174101695 0 0 0 
5.10999999999991 0.173030174101695 0 0 0 
5.11499999999991 0.173030174101695 0 0 0 
5.11999999999991 0.173030174101695 0 0 0 
5.12499999999991 0.173030174101695 0 0 0 
5.12999999999991 0.173030174101695 0 0 0 
5.13499999999991 0.173030174101695 0 0 0 
5.13999999999991 0.173030174101695 0 0 0 
5.14499999999991 0.173030174101695 0 0 0 
5.14999999999991 0.173030174101695 0 0 0 
5.15499999999991 0.173030174101695 0 0 0 
5.15999999999991 0.173030174101695 0 0 0 
5.16499999999991 0.173030174101695 0 0 0 
5.16999999999991 0.173030174101695 0 0 0 
5.17499999999991 0.173030174101695 0 0 0 
5.17999999999991 0.173030174101695 0 0 0 
5.18499999999991 0.173030174101695 0 0 0 
5.18999999999991 0.173030174101695 0 0 0 
5.19499999999991 0.173030174101695 0 0 0 
5.19999999999991 0.173030174101695 0 0 0 
5.20499999999991 0.173030174101695 0 0 0 
5.20999999999991 0.173030174101695 0 0 0 
5.21499999999991 0.173030174101695 0 0 0 
5.21999999999991 0.173030174101695 0 0 0 
5.22499999999991 0.173030174101695 0 0 0 
5.22999999999991 0.173030174101695 0 0 0 
5.23499999999991 0.173030174101695 0 0 0 
5.23999999999991 0.173030174101695 0 0 0 
5.24499999999991 0.173030174101695 0 0 0 
5.24999999999991 0.173030174101695 0 0 0 
5.25499999999991 0.173030174101695 0 0 0 
5.25999999999991 0.173030174101695 0 0 0 
5.26499999999991 0.173030174101695 0 0 0 
5.26999999999991 0.173030174101695 0 0 0 
5.27499999999991 0.173030174101695 0 0 0 
5.27999999999991 0.173030174101695 0 0 0 
5.28499999999991 0.173030174101695 0 0 0 
5.28999999999991 0.173030174101695 0 0 0 
5.29499999999991 0.173030174101695 0 0 0 
5.29999999999991 0.173030174101695 0 0 0 
5.30499999999991 0.173030174101695 0 0 0 
5.30999999999991 0.173030174101695 0 0 0 
5.31499999999991 0.173030174101695 0 0 0 
5.31999999999991 0.173030174101695 0 0 0 
5.32499999999991 0.173030174101695 0 0 0 
5.32999999999991 0.173030174101695 0 0 0 
5.33499999999991 0.173030174101695 0 0 0 
5.33999999999991 0.173030174101695 0 0 0 
5.34499999999991 0.173030174101695 0 0 0 
5.34999999999991 0.173030174101695 0 0 0 
5.35499999999991 0.173030174101695 0 0 0 
5.35999999999991 0.173030174101695 0 0 0 
5.36499999999991 0.173030174101695 0 0 0 
5.36999999999991 0.173030174101695 0 0 0 
5.37499999999991 0.173030174101695 0 0 0 
5.37999999999991 0.173030174101695 0 0 0 
5.38499999999991 0.173030174101695 0 0 0 
5.38999999999991 0.173030174101695 0 0 0 
5.39499999999991 0.173030174101695 0 0 0 
5.39999999999991 0.173030174101695 0 0 0 
5.40499999999991 0.173030174101695 0 0 0 
5.40999999999991 0.173030174101695 0 0 0 
5.41499999999991 0.173030174101695 0 0 0 
5.41999999999991 0.173030174101695 0 0 0 
5.42499999999991 0.173030174101695 0 0 0 
5.42999999999991 0.173030174101695 0 0 0 
5.43499999999991 0.173030174101695 0 0 0 
5.43999999999991 0.173030174101695 0 0 0 
5.44499999999991 0.173030174101695 0 0 0 
5.44999999999991 0.173030174101695 0 0 0 
5.45499999999991 0.173030174101695 0 0 0 
5.45999999999991 0.173030174101695 0 0 0 
5.46499999999991 0.173030174101695 0 0 0 
5.46999999999991 0.173030174101695 0 0 0 
5.47499999999991 0.173030174101695 0 0 0 
5.47999999999991 0.173030174101695 0 0 0 
5.48499999999991 0.173030174101695 0 0 0 
5.48999999999991 0.173030174101695 0 0 0 
5.49499999999991 0.173030174101695 0 0 0 
5.4999999999999 0.173030174101695 0 0 0 
5.5049999999999 0.173030174101695 0 0 0 
5.5099999999999 0.173030174101695 0 0 0 
5.5149999999999 0.173030174101695 0 0 0 
5.5199999999999 0.173030174101695 0 0 0 
5.5249999999999 0.173030174101695 0 0 0 
5.5299999999999 0.173030174101695 0 0 0 
5.5349999999999 0.173030174101695 0 0 0 
5.5399999999999 0.173030174101695 0 0 0 
5.5449999999999 0.173030174101695 0 0 0 
5.5499999999999 0.173030174101695 0 0 0 
5.5549999999999 0.173030174101695 0 0 0 
5.5599999999999 0.173030174101695 0 0 0 
5.5649999999999 0.173030174101695 0 0 0 
5.5699999999999 0.173030174101695 0 0 0 
5.5749999999999 0.173030174101695 0 0 0 
5.5799999999999 0.173030174101695 0 0 0 
5.5849999999999 0.173030174101695 0 0 0 
5.5899999999999 0.173030174101695 0 0 0 
5.5949999999999 0.173030174101695 0 0 0 
5.5999999999999 0.173030174101695 0 0 0 
5.6049999999999 0.173030174101695 0 0 0 
5.6099999999999 0.173030174101695 0 0 0 
5.6149999999999 0.173030174101695 0 0 0 
5.6199999999999 0.173030174101695 0 0 0 
5.6249999999999 0.173030174101695 0 0 0 
5.6299999999999 0.173030174101695 0 0 0 
5.6349999999999 0.173030174101695 0 0 0 
5.6399999999999 0.173030174101695 0 0 0 
5.6449999999999 0.173030174101695 0 0 0 
5.6499999999999 0.173030174101695 0 0 0 
5.6549999999999 0.173030174101695 0 0 0 
5.6599999999999 0.173030174101695 0 0 0 
5.6649999999999 0.173030174101695 0 0 0 
5.6699999999999 0.173030174101695 0 0 0 
5.6749999999999 0.173030174101695 0 0 0 
5.6799999999999 0.173030174101695 0 0 0 
5.6849999999999 0.173030174101695 0 0 0 
5.6899999999999 0.173030174101695 0 0 0 
5.6949999999999 0.173030174101695 0 0 0 
5.6999999999999 0.173030174101695 0 0 0 
5.7049999999999 0.173030174101695 0 0 0 
5.7099999999999 0.173030174101695 0 0 0 
5.7149999999999 0.173030174101695 0 0 0 
5.7199999999999 0.173030174101695 0 0 0 
5.7249999999999 0.173030174101695 0 0 0 
5.7299999999999 0.173030174101695 0 0 0 
5.7349999999999 0.173030174101695 0 0 0 
5.7399999999999 0.173030174101695 0 0 0 
5.7449999999999 0.173030174101695 0 0 0 
5.7499999999999 0.173030174101695 0 0 0 
5.7549999999999 0.173030174101695 0 0 0 
5.7599999999999 0.173030174101695 0 0 0 
5.7649999999999 0.173030174101695 0 0 0 
5.7699999999999 0.173030174101695 0 0 0 
5.7749999999999 0.173030174101695 0 0 0 
5.7799999999999 0.173030174101695 0 0 0 
5.7849999999999 0.173030174101695 0 0 0 
5.7899999999999 0.173030174101695 0 0 0 
5.7949999999999 0.173030174101695 0 0 0 
5.7999999999999 0.173030174101695 0 0 0 
5.8049999999999 0.173030174101695 0 0 0 
5.8099999999999 0.173030174101695 0 0 0 
5.8149999999999 0.173030174101695 0 0 0 
5.8199999999999 0.173030174101695 0 0 0 
5.8249999999999 0.173030174101695 0 0 0 
5.8299999999999 0.173030174101695 0 0 0 
5.8349999999999 0.173030174101695 0 0 0 
5.8399999999999 0.173030174101695 0 0 0 
5.8449999999999 0.173030174101695 0 0 0 
5.8499999999999 0.173030174101695 0 0 0 
5.8549999999999 0.173030174101695 0 0 0 
5.8599999999999 0.173030174101695 0 0 0 
5.8649999999999 0.173030174101695 0 0 0 
5.8699999999999 0.173030174101695 0 0 0 
5.8749999999999 0.173030174101695 0 0 0 
5.8799999999999 0.173030174101695 0 0 0 
5.8849999999999 0.173030174101695 0 0 0 
5.8899999999999 0.173030174101695 0 0 0 
5.8949999999999 0.173030174101695 0 0 0 
5.8999999999999 0.173030174101695 0 0 0 
5.9049999999999 0.173030174101695 0 0 0 
5.9099999999999 0.173030174101695 0 0 0 
5.9149999999999 0.173030174101695 0 0 0 
5.9199999999999 0.173030174101695 0 0 0 
5.9249999999999 0.173030174101695 0 0 0 
5.9299999999999 0.173030174101695 0 0 0 
5.9349999999999 0.173030174101695 0 0 0 
5.9399999999999 0.173030174101695 0 0 0 
5.9449999999999 0.173030174101695 0 0 0 
5.9499999999999 0.173030174101695 0 0 0 
5.9549999999999 0.173030174101695 0 0 0 
5.9599999999999 0.173030174101695 0 0 0 
5.9649999999999 0.173030174101695 0 0 0 
5.96999999999989 0.173030174101695 0 0 0 
5.97499999999989 0.173030174101695 0 0 0 
5.97999999999989 0.173030174101695 0 0 0 
5.98499999999989 0.173030174101695 0 0 0 
5.98999999999989 0.173030174101695 0 0 0 
5.99499999999989 0.173030174101695 0 0 0 
5.99999999999989 0.173030174101695 0 0 0 
6.00499999999989 0.173030174101695 0 0 0 
6.00999999999989 0.173030174101695 0 0 0 
6.01499999999989 0.173030174101695 0 0 0 
6.01999999999989 0.173030174101695 0 0 0 
6.02499999999989 0.173030174101695 0 0 0 
6.02999999999989 0.173030174101695 0 0 0 
6.03499999999989 0.173030174101695 0 0 0 
6.03999999999989 0.173030174101695 0 0 0 
6.04499999999989 0.173030174101695 0 0 0 
6.04999999999989 0.173030174101695 0 0 0 
6.05499999999989 0.173030174101695 0 0 0 
6.05999999999989 0.173030174101695 0 0 0 
6.06499999999989 0.173030174101695 0 0 0 
6.06999999999989 0.173030174101695 0 0 0 
6.07499999999989 0.173030174101695 0 0 0 
6.07999999999989 0.173030174101695 0 0 0 
6.08499999999989 0.173030174101695 0 0 0 
6.08999999999989 0.173030174101695 0 0 0 
6.09499999999989 0.173030174101695 0 0 0 
6.09999999999989 0.173030174101695 0 0 0 
6.10499999999989 0.173030174101695 0 0 0 
6.10999999999989 0.173030174101695 0 0 0 
6.11499999999989 0.173030174101695 0 0 0 
6.11999999999989 0.173030174101695 0 0 0 
6.12499999999989 0.173030174101695 0 0 0 
6.12999999999989 0.173030174101695 0 0 0 
6.13499999999989 0.173030174101695 0 0 0 
6.13999999999989 0.173030174101695 0 0 0 
6.14499999999989 0.173030174101695 0 0 0 
6.14999999999989 0.173030174101695 0 0 0 
6.15499999999989 0.173030174101695 0 0 0 
6.15999999999989 0.173030174101695 0 0 0 
6.16499999999989 0.173030174101695 0 0 0 
6.16999999999989 0.173030174101695 0 0 0 
6.17499999999989 0.173030174101695 0 0 0 
6.17999999999989 0.173030174101695 0 0 0 
6.18499999999989 0.173030174101695 0 0 0 
6.18999999999989 0.173030174101695 0 0 0 
6.19499999999989 0.173030174101695 0 0 0 
6.19999999999989 0.173030174101695 0 0 0 
6.20499999999989 0.173030174101695 0 0 0 
6.20999999999989 0.173030174101695 0 0 0 
6.21499999999989 0.173030174101695 0 0 0 
6.21999999999989 0.173030174101695 0 0 0 
6.22499999999989 0.173030174101695 0 0 0 
6.22999999999989 0.173030174101695 0 0 0 
6.23499999999989 0.173030174101695 0 0 0 
6.23999999999989 0.173030174101695 0 0 0 
6.24499999999989 0.173030174101695 0 0 0 
6.24999999999989 0.173030174101695 0 0 0 
6.25499999999989 0.173030174101695 0 0 0 
6.25999999999989 0.173030174101695 0 0 0 
6.26499999999989 0.173030174101695 0 0 0 
6.26999999999989 0.173030174101695 0 0 0 
6.27499999999989 0.173030174101695 0 0 0 
6.27999999999989 0.173030174101695 0 0 0 
6.28499999999989 0.173030174101695 0 0 0 
6.28999999999989 0.173030174101695 0 0 0 
6.29499999999989 0.173030174101695 0 0 0 
6.29999999999989 0.173030174101695 0 0 0 
6.30499999999989 0.173030174101695 0 0 0 
6.30999999999989 0.173030174101695 0 0 0 
6.31499999999989 0.173030174101695 0 0 0 
6.31999999999989 0.173030174101695 0 0 0 
6.32499999999989 0.173030174101695 0 0 0 
6.32999999999989 0.173030174101695 0 0 0 
6.33499999999989 0.173030174101695 0 0 0 
6.33999999999989 0.173030174101695 0 0 0 
6.34499999999989 0.173030174101695 0 0 0 
6.34999999999989 0.173030174101695 0 0 0 
6.35499999999989 0.173030174101695 0 0 0 
6.35999999999989 0.173030174101695 0 0 0 
6.36499999999989 0.173030174101695 0 0 0 
6.36999999999989 0.173030174101695 0 0 0 
6.37499999999989 0.173030174101695 0 0 0 
6.37999999999989 0.173030174101695 0 0 0 
6.38499999999989 0.173030174101695 0 0 0 
6.38999999999989 0.173030174101695 0 0 0 
6.39499999999989 0.173030174101695 0 0 0 
6.39999999999989 0.173030174101695 0 0 0 
6.40499999999989 0.173030174101695 0 0 0 
6.40999999999989 0.173030174101695 0 0 0 
6.41499999999989 0.173030174101695 0 0 0 
6.41999999999989 0.173030174101695 0 0 0 
6.42499999999989 0.173030174101695 0 0 0 
6.42999999999989 0.173030174101695 0 0 0 
6.43499999999989 0.173030174101695 0 0 0 
6.43999999999988 0.173030174101695 0 0 0 
6.44499999999988 0.173030174101695 0 0 0 
6.44999999999988 0.173030174101695 0 0 0 
6.45499999999988 0.173030174101695 0 0 0 
6.45999999999988 0.173030174101695 0 0 0 
6.46499999999988 0.173030174101695 0 0 0 
6.46999999999988 0.173030174101695 0 0 0 
6.47499999999988 0.173030174101695 0 0 0 
6.47999999999988 0.173030174101695 0 0 0 
6.48499999999988 0.173030174101695 0 0 0 
6.48999999999988 0.173030174101695 0 0 0 
6.49499999999988 0.173030174101695 0 0 0 
6.49999999999988 0.173030174101695 0 0 0 
6.50499999999988 0.173030174101695 0 0 0 
6.50999999999988 0.173030174101695 0 0 0 
6.51499999999988 0.173030174101695 0 0 0 
6.51999999999988 0.173030174101695 0 0 0 
6.52499999999988 0.173030174101695 0 0 0 
6.52999999999988 0.173030174101695 0 0 0 
6.53499999999988 0.173030174101695 0 0 0 
6.53999999999988 0.173030174101695 0 0 0 
6.54499999999988 0.173030174101695 0 0 0 
6.54999999999988 0.173030174101695 0 0 0 
6.55499999999988 0.173030174101695 0 0 0 
6.55999999999988 0.173030174101695 0 0 0 
6.56499999999988 0.173030174101695 0 0 0 
6.56999999999988 0.173030174101695 0 0 0 
6.57499999999988 0.173030174101695 0 0 0 
6.57999999999988 0.173030174101695 0 0 0 
6.58499999999988 0.173030174101695 0 0 0 
6.58999999999988 0.173030174101695 0 0 0 
6.59499999999988 0.173030174101695 0 0 0 
6.59999999999988 0.173030174101695 0 0 0 
6.60499999999988 0.173030174101695 0 0 0 
6.60999999999988 0.173030174101695 0 0 0 
6.61499999999988 0.173030174101695 0 0 0 
6.61999999999988 0.173030174101695 0 0 0 
6.62499999999988 0.173030174101695 0 0 0 
6.62999999999988 0.173030174101695 0 0 0 
6.63499999999988 0.173030174101695 0 0 0 
6.63999999999988 0.173030174101695 0 0 0 
6.64499999999988 0.173030174101695 0 0 0 
6.64999999999988 0.173030174101695 0 0 0 
6.65499999999988 0.173030174101695 0 0 0 
6.65999999999988 0.173030174101695 0 0 0 
6.66499999999988 0.173030174101695 0 0 0 
6.66999999999988 0.173030174101695 0 0 0 
6.67499999999988 0.173030174101695 0 0 0 
6.67999999999988 0.173030174101695 0 0 0 
6.68499999999988 0.173030174101695 0 0 0 
6.68999999999988 0.173030174101695 0 0 0 
6.69499999999988 0.173030174101695 0 0 0 
6.69999999999988 0.173030174101695 0 0 0 
6.70499999999988 0.173030174101695 0 0 0 
6.70999999999988 0.173030174101695 0 0 0 
6.71499999999988 0.173030174101695 0 0 0 
6.71999999999988 0.173030174101695 0 0 0 
6.72499999999988 0.173030174101695 0 0 0 
6.72999999999988 0.173030174101695 0 0 0 
6.73499999999988 0.173030174101695 0 0 0 
6.73999999999988 0.173030174101695 0 0 0 
6.74499999999988 0.173030174101695 0 0 0 
6.74999999999988 0.173030174101695 0 0 0 
6.75499999999988 0.173030174101695 0 0 0 
6.75999999999988 0.173030174101695 0 0 0 
6.76499999999988 0.173030174101695 0 0 0 
6.76999999999988 0.173030174101695 0 0 0 
6.77499999999988 0.173030174101695 0 0 0 
6.77999999999988 0.173030174101695 0 0 0 
6.78499999999988 0.173030174101695 0 0 0 
6.78999999999988 0.173030174101695 0 0 0 
6.79499999999988 0.173030174101695 0 0 0 
6.79999999999988 0.173030174101695 0 0 0 
6.80499999999988 0.173030174101695 0 0 0 
6.80999999999988 0.173030174101695 0 0 0 
6.81499999999988 0.173030174101695 0 0 0 
6.81999999999988 0.173030174101695 0 0 0 
6.82499999999988 0.173030174101695 0 0 0 
6.82999999999988 0.173030174101695 0 0 0 
6.83499999999988 0.173030174101695 0 0 0 
6.83999999999988 0.173030174101695 0 0 0 
6.84499999999988 0.173030174101695 0 0 0 
6.84999999999988 0.173030174101695 0 0 0 
6.85499999999988 0.173030174101695 0 0 0 
6.85999999999988 0.173030174101695 0 0 0 
6.86499999999988 0.173030174101695 0 0 0 
6.86999999999988 0.173030174101695 0 0 0 
6.87499999999988 0.173030174101695 0 0 0 
6.87999999999988 0.173030174101695 0 0 0 
6.88499999999988 0.173030174101695 0 0 0 
6.88999999999988 0.173030174101695 0 0 0 
6.89499999999988 0.173030174101695 0 0 0 
6.89999999999988 0.173030174101695 0 0 0 
6.90499999999988 0.173030174101695 0 0 0 
6.90999999999987 0.173030174101695 0 0 0 
6.91499999999987 0.173030174101695 0 0 0 
6.91999999999987 0.173030174101695 0 0 0 
6.92499999999987 0.173030174101695 0 0 0 
6.92999999999987 0.173030174101695 0 0 0 
6.93499999999987 0.173030174101695 0 0 0 
6.93999999999987 0.173030174101695 0 0 0 
6.94499999999987 0.173030174101695 0 0 0 
6.94999999999987 0.173030174101695 0 0 0 
6.95499999999987 0.173030174101695 0 0 0 
6.95999999999987 0.173030174101695 0 0 0 
6.96499999999987 0.173030174101695 0 0 0 
6.96999999999987 0.173030174101695 0 0 0 
6.97499999999987 0.173030174101695 0 0 0 
6.97999999999987 0.173030174101695 0 0 0 
6.98499999999987 0.173030174101695 0 0 0 
6.98999999999987 0.173030174101695 0 0 0 
6.99499999999987 0.173030174101695 0 0 0 
6.99999999999987 0.173030174101695 0 0 0 
7.00499999999987 0.173030174101695 0 0 0 
7.00999999999987 0.173030174101695 0 0 0 
7.01499999999987 0.173030174101695 0 0 0 
7.01999999999987 0.173030174101695 0 0 0 
7.02499999999987 0.173030174101695 0 0 0 
7.02999999999987 0.173030174101695 0 0 0 
7.03499999999987 0.173030174101695 0 0 0 
7.03999999999987 0.173030174101695 0 0 0 
7.04499999999987 0.173030174101695 0 0 0 
7.04999999999987 0.173030174101695 0 0 0 
7.05499999999987 0.173030174101695 0 0 0 
7.05999999999987 0.173030174101695 0 0 0 
7.06499999999987 0.173030174101695 0 0 0 
7.06999999999987 0.173030174101695 0 0 0 
7.07499999999987 0.173030174101695 0 0 0 
7.07999999999987 0.173030174101695 0 0 0 
7.08499999999987 0.173030174101695 0 0 0 
7.08999999999987 0.173030174101695 0 0 0 
7.09499999999987 0.173030174101695 0 0 0 
7.09999999999987 0.173030174101695 0 0 0 
7.10499999999987 0.173030174101695 0 0 0 
7.10999999999987 0.173030174101695 0 0 0 
7.11499999999987 0.173030174101695 0 0 0 
7.11999999999987 0.173030174101695 0 0 0 
7.12499999999987 0.173030174101695 0 0 0 
7.12999999999987 0.173030174101695 0 0 0 
7.13499999999987 0.173030174101695 0 0 0 
7.13999999999987 0.173030174101695 0 0 0 
7.14499999999987 0.173030174101695 0 0 0 
7.14999999999987 0.173030174101695 0 0 0 
7.15499999999987 0.173030174101695 0 0 0 
7.15999999999987 0.173030174101695 0 0 0 
7.16499999999987 0.173030174101695 0 0 0 
7.16999999999987 0.173030174101695 0 0 0 
7.17499999999987 0.173030174101695 0 0 0 
7.17999999999987 0.173030174101695 0 0 0 
7.18499999999987 0.173030174101695 0 0 0 
7.18999999999987 0.173030174101695 0 0 0 
7.19499999999987 0.173030174101695 0 0 0 
7.19999999999987 0.173030174101695 0 0 0 
7.20499999999987 0.173030174101695 0 0 0 
7.20999999999987 0.173030174101695 0 0 0 
7.21499999999987 0.173030174101695 0 0 0 
7.21999999999987 0.173030174101695 0 0 0 
7.22499999999987 0.173030174101695 0 0 0 
7.22999999999987 0.173030174101695 0 0 0 
7.23499999999987 0.173030174101695 0 0 0 
7.23999999999987 0.173030174101695 0 0 0 
7.24499999999987 0.173030174101695 0 0 0 
7.24999999999987 0.173030174101695 0 0 0 
7.25499999999987 0.173030174101695 0 0 0 
7.25999999999987 0.173030174101695 0 0 0 
7.26499999999987 0.173030174101695 0 0 0 
7.26999999999987 0.173030174101695 0 0 0 
7.27499999999987 0.173030174101695 0 0 0 
7.27999999999987 0.173030174101695 0 0 0 
7.28499999999987 0.173030174101695 0 0 0 
7.28999999999987 0.173030174101695 0 0 0 
7.29499999999987 0.173030174101695 0 0 0 
7.29999999999987 0.173030174101695 0 0 0 
7.30499999999987 0.173030174101695 0 0 0 
7.30999999999987 0.173030174101695 0 0 0 
7.31499999999987 0.173030174101695 0 0 0 
7.31999999999987 0.173030174101695 0 0 0 
7.32499999999987 0.173030174101695 0 0 0 
7.32999999999987 0.173030174101695 0 0 0 
7.33499999999987 0.173030174101695 0 0 0 
7.33999999999987 0.173030174101695 0 0 0 
7.34499999999987 0.173030174101695 0 0 0 
7.34999999999987 0.173030174101695 0 0 0 
7.35499999999987 0.173030174101695 0 0 0 
7.35999999999987 0.173030174101695 0 0 0 
7.36499999999987 0.173030174101695 0 0 0 
7.36999999999987 0.173030174101695 0 0 0 
7.37499999999986 0.173030174101695 0 0 0 
7.37999999999986 0.173030174101695 0 0 0 
7.38499999999986 0.173030174101695 0 0 0 
7.38999999999986 0.173030174101695 0 0 0 
7.39499999999986 0.173030174101695 0 0 0 
7.39999999999986 0.173030174101695 0 0 0 
7.40499999999986 0.173030174101695 0 0 0 
7.40999999999986 0.173030174101695 0 0 0 
7.41499999999986 0.173030174101695 0 0 0 
7.41999999999986 0.173030174101695 0 0 0 
7.42499999999986 0.173030174101695 0 0 0 
7.42999999999986 0.173030174101695 0 0 0 
7.43499999999986 0.173030174101695 0 0 0 
7.43999999999986 0.173030174101695 0 0 0 
7.44499999999986 0.173030174101695 0 0 0 
7.44999999999986 0.173030174101695 0 0 0 
7.45499999999986 0.173030174101695 0 0 0 
7.45999999999986 0.173030174101695 0 0 0 
7.46499999999986 0.173030174101695 0 0 0 
7.46999999999986 0.173030174101695 0 0 0 
7.47499999999986 0.173030174101695 0 0 0 
7.47999999999986 0.173030174101695 0 0 0 
7.48499999999986 0.173030174101695 0 0 0 
7.48999999999986 0.173030174101695 0 0 0 
7.49499999999986 0.173030174101695 0 0 0 
7.49999999999986 0.173030174101695 0 0 0 
7.50499999999986 0.173030174101695 0 0 0 
7.50999999999986 0.173030174101695 0 0 0 
7.51499999999986 0.173030174101695 0 0 0 
7.51999999999986 0.173030174101695 0 0 0 
7.52499999999986 0.173030174101695 0 0 0 
7.52999999999986 0.173030174101695 0 0 0 
7.53499999999986 0.173030174101695 0 0 0 
7.53999999999986 0.173030174101695 0 0 0 
7.54499999999986 0.173030174101695 0 0 0 
7.54999999999986 0.173030174101695 0 0 0 
7.55499999999986 0.173030174101695 0 0 0 
7.55999999999986 0.173030174101695 0 0 0 
7.56499999999986 0.173030174101695 0 0 0 
7.56999999999986 0.173030174101695 0 0 0 
7.57499999999986 0.173030174101695 0 0 0 
7.57999999999986 0.173030174101695 0 0 0 
7.58499999999986 0.173030174101695 0 0 0 
7.58999999999986 0.173030174101695 0 0 0 
7.59499999999986 0.173030174101695 0 0 0 
7.59999999999986 0.173030174101695 0 0 0 
7.60499999999986 0.173030174101695 0 0 0 
7.60999999999986 0.173030174101695 0 0 0 
7.61499999999986 0.173030174101695 0 0 0 
7.61999999999986 0.173030174101695 0 0 0 
7.62499999999986 0.173030174101695 0 0 0 
7.62999999999986 0.173030174101695 0 0 0 
7.63499999999986 0.173030174101695 0 0 0 
7.63999999999986 0.173030174101695 0 0 0 
7.64499999999986 0.173030174101695 0 0 0 
7.64999999999986 0.173030174101695 0 0 0 
7.65499999999986 0.173030174101695 0 0 0 
7.65999999999986 0.173030174101695 0 0 0 
7.66499999999986 0.173030174101695 0 0 0 
7.66999999999986 0.173030174101695 0 0 0 
7.67499999999986 0.173030174101695 0 0 0 
7.67999999999986 0.173030174101695 0 0 0 
7.68499999999986 0.173030174101695 0 0 0 
7.68999999999986 0.173030174101695 0 0 0 
7.69499999999986 0.173030174101695 0 0 0 
7.69999999999986 0.173030174101695 0 0 0 
7.70499999999986 0.173030174101695 0 0 0 
7.70999999999986 0.173030174101695 0 0 0 
7.71499999999986 0.173030174101695 0 0 0 
7.71999999999986 0.173030174101695 0 0 0 
7.72499999999986 0.173030174101695 0 0 0 
7.72999999999986 0.173030174101695 0 0 0 
7.73499999999986 0.173030174101695 0 0 0 
7.73999999999986 0.173030174101695 0 0 0 
7.74499999999986 0.173030174101695 0 0 0 
7.74999999999986 0.173030174101695 0 0 0 
7.75499999999986 0.173030174101695 0 0 0 
7.75999999999986 0.173030174101695 0 0 0 
7.76499999999986 0.173030174101695 0 0 0 
7.76999999999986 0.173030174101695 0 0 0 
7.77499999999986 0.173030174101695 0 0 0 
7.77999999999986 0.173030174101695 0 0 0 
7.78499999999986 0.173030174101695 0 0 0 
7.78999999999986 0.173030174101695 0 0 0 
7.79499999999986 0.173030174101695 0 0 0 
7.79999999999986 0.173030174101695 0 0 0 
7.80499999999986 0.173030174101695 0 0 0 
7.80999999999986 0.173030174101695 0 0 0 
7.81499999999986 0.173030174101695 0 0 0 
7.81999999999986 0.173030174101695 0 0 0 
7.82499999999986 0.173030174101695 0 0 0 
7.82999999999986 0.173030174101695 0 0 0 
7.83499999999986 0.173030174101695 0 0 0 
7.83999999999986 0.173030174101695 0 0 0 
7.84499999999985 0.173030174101695 0 0 0 
7.84999999999985 0.173030174101695 0 0 0 
7.85499999999985 0.173030174101695 0 0 0 
7.85999999999985 0.173030174101695 0 0 0 
7.86499999999985 0.173030174101695 0 0 0 
7.86999999999985 0.173030174101695 0 0 0 
7.87499999999985 0.173030174101695 0 0 0 
7.87999999999985 0.173030174101695 0 0 0 
7.88499999999985 0.173030174101695 0 0 0 
7.88999999999985 0.173030174101695 0 0 0 
7.89499999999985 0.173030174101695 0 0 0 
7.89999999999985 0.173030174101695 0 0 0 
7.90499999999985 0.173030174101695 0 0 0 
7.90999999999985 0.173030174101695 0 0 0 
7.91499999999985 0.173030174101695 0 0 0 
7.91999999999985 0.173030174101695 0 0 0 
7.92499999999985 0.173030174101695 0 0 0 
7.92999999999985 0.173030174101695 0 0 0 
7.93499999999985 0.173030174101695 0 0 0 
7.93999999999985 0.173030174101695 0 0 0 
7.94499999999985 0.173030174101695 0 0 0 
7.94999999999985 0.173030174101695 0 0 0 
7.95499999999985 0.173030174101695 0 0 0 
7.95999999999985 0.173030174101695 0 0 0 
7.96499999999985 0.173030174101695 0 0 0 
7.96999999999985 0.173030174101695 0 0 0 
7.97499999999985 0.173030174101695 0 0 0 
7.97999999999985 0.173030174101695 0 0 0 
7.98499999999985 0.173030174101695 0 0 0 
7.98999999999985 0.173030174101695 0 0 0 
7.99499999999985 0.173030174101695 0 0 0 
7.99999999999985 0.173030174101695 0 0 0 
8.00499999999985 0.173030174101695 0 0 0 
8.00999999999985 0.173030174101695 0 0 0 
8.01499999999985 0.173030174101695 0 0 0 
8.01999999999985 0.173030174101695 0 0 0 
8.02499999999985 0.173030174101695 0 0 0 
8.02999999999986 0.173030174101695 0 0 0 
8.03499999999986 0.173030174101695 0 0 0 
8.03999999999986 0.173030174101695 0 0 0 
8.04499999999986 0.173030174101695 0 0 0 
8.04999999999986 0.173030174101695 0 0 0 
8.05499999999986 0.173030174101695 0 0 0 
8.05999999999986 0.173030174101695 0 0 0 
8.06499999999986 0.173030174101695 0 0 0 
8.06999999999986 0.173030174101695 0 0 0 
8.07499999999986 0.173030174101695 0 0 0 
8.07999999999986 0.173030174101695 0 0 0 
8.08499999999986 0.173030174101695 0 0 0 
8.08999999999986 0.173030174101695 0 0 0 
8.09499999999987 0.173030174101695 0 0 0 
8.09999999999987 0.173030174101695 0 0 0 
8.10499999999987 0.173030174101695 0 0 0 
8.10999999999987 0.173030174101695 0 0 0 
8.11499999999987 0.173030174101695 0 0 0 
8.11999999999987 0.173030174101695 0 0 0 
8.12499999999987 0.173030174101695 0 0 0 
8.12999999999987 0.173030174101695 0 0 0 
8.13499999999987 0.173030174101695 0 0 0 
8.13999999999987 0.173030174101695 0 0 0 
8.14499999999987 0.173030174101695 0 0 0 
8.14999999999987 0.173030174101695 0 0 0 
8.15499999999988 0.173030174101695 0 0 0 
8.15999999999988 0.173030174101695 0 0 0 
8.16499999999988 0.173030174101695 0 0 0 
8.16999999999988 0.173030174101695 0 0 0 
8.17499999999988 0.173030174101695 0 0 0 
8.17999999999988 0.173030174101695 0 0 0 
8.18499999999988 0.173030174101695 0 0 0 
8.18999999999988 0.173030174101695 0 0 0 
8.19499999999988 0.173030174101695 0 0 0 
8.19999999999988 0.173030174101695 0 0 0 
8.20499999999988 0.173030174101695 0 0 0 
8.20999999999988 0.173030174101695 0 0 0 
8.21499999999988 0.173030174101695 0 0 0 
8.21999999999989 0.173030174101695 0 0 0 
8.22499999999989 0.173030174101695 0 0 0 
8.22999999999989 0.173030174101695 0 0 0 
8.23499999999989 0.173030174101695 0 0 0 
8.23999999999989 0.173030174101695 0 0 0 
8.24499999999989 0.173030174101695 0 0 0 
8.24999999999989 0.173030174101695 0 0 0 
8.25499999999989 0.173030174101695 0 0 0 
8.25999999999989 0.173030174101695 0 0 0 
8.26499999999989 0.173030174101695 0 0 0 
8.26999999999989 0.173030174101695 0 0 0 
8.27499999999989 0.173030174101695 0 0 0 
8.27999999999989 0.173030174101695 0 0 0 
8.2849999999999 0.173030174101695 0 0 0 
8.2899999999999 0.173030174101695 0 0 0 
8.2949999999999 0.173030174101695 0 0 0 
8.2999999999999 0.173030174101695 0 0 0 
8.3049999999999 0.173030174101695 0 0 0 
8.3099999999999 0.173030174101695 0 0 0 
8.3149999999999 0.173030174101695 0 0 0 
8.3199999999999 0.173030174101695 0 0 0 
8.3249999999999 0.173030174101695 0 0 0 
8.3299999999999 0.173030174101695 0 0 0 
8.3349999999999 0.173030174101695 0 0 0 
8.3399999999999 0.173030174101695 0 0 0 
8.3449999999999 0.173030174101695 0 0 0 
8.34999999999991 0.173030174101695 0 0 0 
8.35499999999991 0.173030174101695 0 0 0 
8.35999999999991 0.173030174101695 0 0 0 
8.36499999999991 0.173030174101695 0 0 0 
8.36999999999991 0.173030174101695 0 0 0 
8.37499999999991 0.173030174101695 0 0 0 
8.37999999999991 0.173030174101695 0 0 0 
8.38499999999991 0.173030174101695 0 0 0 
8.38999999999991 0.173030174101695 0 0 0 
8.39499999999991 0.173030174101695 0 0 0 
8.39999999999991 0.173030174101695 0 0 0 
8.40499999999991 0.173030174101695 0 0 0 
8.40999999999991 0.173030174101695 0 0 0 
8.41499999999992 0.173030174101695 0 0 0 
8.41999999999992 0.173030174101695 0 0 0 
8.42499999999992 0.173030174101695 0 0 0 
8.42999999999992 0.173030174101695 0 0 0 
8.43499999999992 0.173030174101695 0 0 0 
8.43999999999992 0.173030174101695 0 0 0 
8.44499999999992 0.173030174101695 0 0 0 
8.44999999999992 0.173030174101695 0 0 0 
8.45499999999992 0.173030174101695 0 0 0 
8.45999999999992 0.173030174101695 0 0 0 
8.46499999999992 0.173030174101695 0 0 0 
8.46999999999992 0.173030174101695 0 0 0 
8.47499999999993 0.173030174101695 0 0 0 
8.47999999999993 0.173030174101695 0 0 0 
8.48499999999993 0.173030174101695 0 0 0 
8.48999999999993 0.173030174101695 0 0 0 
8.49499999999993 0.173030174101695 0 0 0 
8.49999999999993 0.173030174101695 0 0 0 
8.50499999999993 0.173030174101695 0 0 0 
8.50999999999993 0.173030174101695 0 0 0 
8.51499999999993 0.173030174101695 0 0 0 
8.51999999999993 0.173030174101695 0 0 0 
8.52499999999993 0.173030174101695 0 0 0 
8.52999999999993 0.173030174101695 0 0 0 
8.53499999999993 0.173030174101695 0 0 0 
8.53999999999994 0.173030174101695 0 0 0 
8.54499999999994 0.173030174101695 0 0 0 
8.54999999999994 0.173030174101695 0 0 0 
8.55499999999994 0.173030174101695 0 0 0 
8.55999999999994 0.173030174101695 0 0 0 
8.56499999999994 0.173030174101695 0 0 0 
8.56999999999994 0.173030174101695 0 0 0 
8.57499999999994 0.173030174101695 0 0 0 
8.57999999999994 0.173030174101695 0 0 0 
8.58499999999994 0.173030174101695 0 0 0 
8.58999999999994 0.173030174101695 0 0 0 
8.59499999999994 0.173030174101695 0 0 0 
8.59999999999994 0.173030174101695 0 0 0 
8.60499999999995 0.173030174101695 0 0 0 
8.60999999999995 0.173030174101695 0 0 0 
8.61499999999995 0.173030174101695 0 0 0 
8.61999999999995 0.173030174101695 0 0 0 
8.62499999999995 0.173030174101695 0 0 0 
8.62999999999995 0.173030174101695 0 0 0 
8.63499999999995 0.173030174101695 0 0 0 
8.63999999999995 0.173030174101695 0 0 0 
8.64499999999995 0.173030174101695 0 0 0 
8.64999999999995 0.173030174101695 0 0 0 
8.65499999999995 0.173030174101695 0 0 0 
8.65999999999995 0.173030174101695 0 0 0 
8.66499999999995 0.173030174101695 0 0 0 
8.66999999999996 0.173030174101695 0 0 0 
8.67499999999996 0.173030174101695 0 0 0 
8.67999999999996 0.173030174101695 0 0 0 
8.68499999999996 0.173030174101695 0 0 0 
8.68999999999996 0.173030174101695 0 0 0 
8.69499999999996 0.173030174101695 0 0 0 
8.69999999999996 0.173030174101695 0 0 0 
8.70499999999996 0.173030174101695 0 0 0 
8.70999999999996 0.173030174101695 0 0 0 
8.71499999999996 0.173030174101695 0 0 0 
8.71999999999996 0.173030174101695 0 0 0 
8.72499999999996 0.173030174101695 0 0 0 
8.72999999999996 0.173030174101695 0 0 0 
8.73499999999997 0.173030174101695 0 0 0 
8.73999999999997 0.173030174101695 0 0 0 
8.74499999999997 0.173030174101695 0 0 0 
8.74999999999997 0.173030174101695 0 0 0 
8.75499999999997 0.173030174101695 0 0 0 
8.75999999999997 0.173030174101695 0 0 0 
8.76499999999997 0.173030174101695 0 0 0 
8.76999999999997 0.173030174101695 0 0 0 
8.77499999999997 0.173030174101695 0 0 0 
8.77999999999997 0.173030174101695 0 0 0 
8.78499999999997 0.173030174101695 0 0 0 
8.78999999999997 0.173030174101695 0 0 0 
8.79499999999998 0.173030174101695 0 0 0 
8.79999999999998 0.173030174101695 0 0 0 
8.80499999999998 0.173030174101695 0 0 0 
8.80999999999998 0.173030174101695 0 0 0 
8.81499999999998 0.173030174101695 0 0 0 
8.81999999999998 0.173030174101695 0 0 0 
8.82499999999998 0.173030174101695 0 0 0 
8.82999999999998 0.173030174101695 0 0 0 
8.83499999999998 0.173030174101695 0 0 0 
8.83999999999998 0.173030174101695 0 0 0 
8.84499999999998 0.173030174101695 0 0 0 
8.84999999999998 0.173030174101695 0 0 0 
8.85499999999998 0.173030174101695 0 0 0 
8.85999999999999 0.173030174101695 0 0 0 
8.86499999999999 0.173030174101695 0 0 0 
8.86999999999999 0.173030174101695 0 0 0 
8.87499999999999 0.173030174101695 0 0 0 
8.87999999999999 0.173030174101695 0 0 0 
8.88499999999999 0.173030174101695 0 0 0 
8.88999999999999 0.173030174101695 0 0 0 
8.89499999999999 0.173030174101695 0 0 0 
8.89999999999999 0.173030174101695 0 0 0 
8.90499999999999 0.173030174101695 0 0 0 
8.90999999999999 0.173030174101695 0 0 0 
8.91499999999999 0.173030174101695 0 0 0 
8.91999999999999 0.173030174101695 0 0 0 
8.925 0.173030174101695 0 0 0 
8.93 0.173030174101695 0 0 0 
8.935 0.173030174101695 0 0 0 
8.94 0.173030174101695 0 0 0 
8.945 0.173030174101695 0 0 0 
8.95 0.173030174101695 0 0 0 
8.955 0.173030174101695 0 0 0 
8.96 0.173030174101695 0 0 0 
8.965 0.173030174101695 0 0 0 
8.97 0.173030174101695 0 0 0 
8.975 0.173030174101695 0 0 0 
8.98 0.173030174101695 0 0 0 
8.985 0.173030174101695 0 0 0 
8.99000000000001 0.173030174101695 0 0 0 
8.99500000000001 0.173030174101695 0 0 0 
9.00000000000001 0.173030174101695 0 0 0 
9.00500000000001 0.173030174101695 0 0 0 
9.01000000000001 0.173030174101695 0 0 0 
9.01500000000001 0.173030174101695 0 0 0 
9.02000000000001 0.173030174101695 0 0 0 
9.02500000000001 0.173030174101695 0 0 0 
9.03000000000001 0.173030174101695 0 0 0 
9.03500000000001 0.173030174101695 0 0 0 
9.04000000000001 0.173030174101695 0 0 0 
9.04500000000001 0.173030174101695 0 0 0 
9.05000000000001 0.173030174101695 0 0 0 
9.05500000000002 0.173030174101695 0 0 0 
9.06000000000002 0.173030174101695 0 0 0 
9.06500000000002 0.173030174101695 0 0 0 
9.07000000000002 0.173030174101695 0 0 0 
9.07500000000002 0.173030174101695 0 0 0 
9.08000000000002 0.173030174101695 0 0 0 
9.08500000000002 0.173030174101695 0 0 0 
9.09000000000002 0.173030174101695 0 0 0 
9.09500000000002 0.173030174101695 0 0 0 
9.10000000000002 0.173030174101695 0 0 0 
9.10500000000002 0.173030174101695 0 0 0 
9.11000000000002 0.173030174101695 0 0 0 
9.11500000000003 0.173030174101695 0 0 0 
9.12000000000003 0.173030174101695 0 0 0 
9.12500000000003 0.173030174101695 0 0 0 
9.13000000000003 0.173030174101695 0 0 0 
9.13500000000003 0.173030174101695 0 0 0 
9.14000000000003 0.173030174101695 0 0 0 
9.14500000000003 0.173030174101695 0 0 0 
9.15000000000003 0.173030174101695 0 0 0 
9.15500000000003 0.173030174101695 0 0 0 
9.16000000000003 0.173030174101695 0 0 0 
9.16500000000003 0.173030174101695 0 0 0 
9.17000000000003 0.173030174101695 0 0 0 
9.17500000000003 0.173030174101695 0 0 0 
9.18000000000004 0.173030174101695 0 0 0 
9.18500000000004 0.173030174101695 0 0 0 
9.19000000000004 0.173030174101695 0 0 0 
9.19500000000004 0.173030174101695 0 0 0 
9.20000000000004 0.173030174101695 0 0 0 
9.20500000000004 0.173030174101695 0 0 0 
9.21000000000004 0.173030174101695 0 0 0 
9.21500000000004 0.173030174101695 0 0 0 
9.22000000000004 0.173030174101695 0 0 0 
9.22500000000004 0.173030174101695 0 0 0 
9.23000000000004 0.173030174101695 0 0 0 
9.23500000000004 0.173030174101695 0 0 0 
9.24000000000004 0.173030174101695 0 0 0 
9.24500000000005 0.173030174101695 0 0 0 
9.25000000000005 0.173030174101695 0 0 0 
9.25500000000005 0.173030174101695 0 0 0 
9.26000000000005 0.173030174101695 0 0 0 
9.26500000000005 0.173030174101695 0 0 0 
9.27000000000005 0.173030174101695 0 0 0 
9.27500000000005 0.173030174101695 0 0 0 
9.28000000000005 0.173030174101695 0 0 0 
9.28500000000005 0.173030174101695 0 0 0 
9.29000000000005 0.173030174101695 0 0 0 
9.29500000000005 0.173030174101695 0 0 0 
9.30000000000005 0.173030174101695 0 0 0 
9.30500000000005 0.173030174101695 0 0 0 
9.31000000000006 0.173030174101695 0 0 0 
9.31500000000006 0.173030174101695 0 0 0 
9.32000000000006 0.173030174101695 0 0 0 
9.32500000000006 0.173030174101695 0 0 0 
9.33000000000006 0.173030174101695 0 0 0 
9.33500000000006 0.173030174101695 0 0 0 
9.34000000000006 0.173030174101695 0 0 0 
9.34500000000006 0.173030174101695 0 0 0 
9.35000000000006 0.173030174101695 0 0 0 
9.35500000000006 0.173030174101695 0 0 0 
9.36000000000006 0.173030174101695 0 0 0 
9.36500000000006 0.173030174101695 0 0 0 
9.37000000000006 0.173030174101695 0 0 0 
9.37500000000007 0.173030174101695 0 0 0 
9.38000000000007 0.173030174101695 0 0 0 
9.38500000000007 0.173030174101695 0 0 0 
9.39000000000007 0.173030174101695 0 0 0 
9.39500000000007 0.173030174101695 0 0 0 
9.40000000000007 0.173030174101695 0 0 0 
9.40500000000007 0.173030174101695 0 0 0 
9.41000000000007 0.173030174101695 0 0 0 
9.41500000000007 0.173030174101695 0 0 0 
9.42000000000007 0.173030174101695 0 0 0 
9.42500000000007 0.173030174101695 0 0 0 
9.43000000000007 0.173030174101695 0 0 0 
9.43500000000008 0.173030174101695 0 0 0 
9.44000000000008 0.173030174101695 0 0 0 
9.44500000000008 0.173030174101695 0 0 0 
9.45000000000008 0.173030174101695 0 0 0 
9.45500000000008 0.173030174101695 0 0 0 
9.46000000000008 0.173030174101695 0 0 0 
9.46500000000008 0.173030174101695 0 0 0 
9.47000000000008 0.173030174101695 0 0 0 
9.47500000000008 0.173030174101695 0 0 0 
9.48000000000008 0.173030174101695 0 0 0 
9.48500000000008 0.173030174101695 0 0 0 
9.49000000000008 0.173030174101695 0 0 0 
9.49500000000008 0.173030174101695 0 0 0 
9.50000000000009 0.173030174101695 0 0 0 
9.50500000000009 0.173030174101695 0 0 0 
9.51000000000009 0.173030174101695 0 0 0 
9.51500000000009 0.173030174101695 0 0 0 
9.52000000000009 0.173030174101695 0 0 0 
9.52500000000009 0.173030174101695 0 0 0 
9.53000000000009 0.173030174101695 0 0 0 
9.53500000000009 0.173030174101695 0 0 0 
9.54000000000009 0.173030174101695 0 0 0 
9.54500000000009 0.173030174101695 0 0 0 
9.55000000000009 0.173030174101695 0 0 0 
9.55500000000009 0.173030174101695 0 0 0 
9.56000000000009 0.173030174101695 0 0 0 
9.5650000000001 0.173030174101695 0 0 0 
9.5700000000001 0.173030174101695 0 0 0 
9.5750000000001 0.173030174101695 0 0 0 
9.5800000000001 0.173030174101695 0 0 0 
9.5850000000001 0.173030174101695 0 0 0 
9.5900000000001 0.173030174101695 0 0 0 
9.5950000000001 0.173030174101695 0 0 0 
9.6000000000001 0.173030174101695 0 0 0 
9.6050000000001 0.173030174101695 0 0 0 
9.6100000000001 0.173030174101695 0 0 0 
9.6150000000001 0.173030174101695 0 0 0 
9.6200000000001 0.173030174101695 0 0 0 
9.6250000000001 0.173030174101695 0 0 0 
9.63000000000011 0.173030174101695 0 0 0 
9.63500000000011 0.173030174101695 0 0 0 
9.64000000000011 0.173030174101695 0 0 0 
9.64500000000011 0.173030174101695 0 0 0 
9.65000000000011 0.173030174101695 0 0 0 
9.65500000000011 0.173030174101695 0 0 0 
9.66000000000011 0.173030174101695 0 0 0 
9.66500000000011 0.173030174101695 0 0 0 
9.67000000000011 0.173030174101695 0 0 0 
9.67500000000011 0.173030174101695 0 0 0 
9.68000000000011 0.173030174101695 0 0 0 
9.68500000000011 0.173030174101695 0 0 0 
9.69000000000011 0.173030174101695 0 0 0 
9.69500000000012 0.173030174101695 0 0 0 
9.70000000000012 0.173030174101695 0 0 0 
9.70500000000012 0.173030174101695 0 0 0 
9.71000000000012 0.173030174101695 0 0 0 
9.71500000000012 0.173030174101695 0 0 0 
9.72000000000012 0.173030174101695 0 0 0 
9.72500000000012 0.173030174101695 0 0 0 
9.73000000000012 0.173030174101695 0 0 0 
9.73500000000012 0.173030174101695 0 0 0 
9.74000000000012 0.173030174101695 0 0 0 
9.74500000000012 0.173030174101695 0 0 0 
9.75000000000012 0.173030174101695 0 0 0 
9.75500000000013 0.173030174101695 0 0 0 
9.76000000000013 0.173030174101695 0 0 0 
9.76500000000013 0.173030174101695 0 0 0 
9.77000000000013 0.173030174101695 0 0 0 
9.77500000000013 0.173030174101695 0 0 0 
9.78000000000013 0.173030174101695 0 0 0 
9.78500000000013 0.173030174101695 0 0 0 
9.79000000000013 0.173030174101695 0 0 0 
9.79500000000013 0.173030174101695 0 0 0 
9.80000000000013 0.173030174101695 0 0 0 
9.80500000000013 0.173030174101695 0 0 0 
9.81000000000013 0.173030174101695 0 0 0 
9.81500000000013 0.173030174101695 0 0 0 
9.82000000000014 0.173030174101695 0 0 0 
9.82500000000014 0.173030174101695 0 0 0 
9.83000000000014 0.173030174101695 0 0 0 
9.83500000000014 0.173030174101695 0 0 0 
9.84000000000014 0.173030174101695 0 0 0 
9.84500000000014 0.173030174101695 0 0 0 
9.85000000000014 0.173030174101695 0 0 0 
9.85500000000014 0.173030174101695 0 0 0 
9.86000000000014 0.173030174101695 0 0 0 
9.86500000000014 0.173030174101695 0 0 0 
9.87000000000014 0.173030174101695 0 0 0 
9.87500000000014 0.173030174101695 0 0 0 
9.88000000000014 0.173030174101695 0 0 0 
9.88500000000015 0.173030174101695 0 0 0 
9.89000000000015 0.173030174101695 0 0 0 
9.89500000000015 0.173030174101695 0 0 0 
9.90000000000015 0.173030174101695 0 0 0 
9.90500000000015 0.173030174101695 0 0 0 
9.91000000000015 0.173030174101695 0 0 0 
9.91500000000015 0.173030174101695 0 0 0 
9.92000000000015 0.173030174101695 0 0 0 
9.92500000000015 0.173030174101695 0 0 0 
9.93000000000015 0.173030174101695 0 0 0 
9.93500000000015 0.173030174101695 0 0 0 
9.94000000000015 0.173030174101695 0 0 0 
9.94500000000015 0.173030174101695 0 0 0 
9.95000000000016 0.173030174101695 0 0 0 
9.95500000000016 0.173030174101695 0 0 0 
9.96000000000016 0.173030174101695 0 0 0 
9.96500000000016 0.173030174101695 0 0 0 
9.97000000000016 0.173030174101695 0 0 0 
9.97500000000016 0.173030174101695 0 0 0 
9.98000000000016 0.173030174101695 0 0 0 
9.98500000000016 0.173030174101695 0 0 0 
9.99000000000016 0.173030174101695 0 0 0 
9.99500000000016 0.173030174101695 0 0 0 
0 0 0 0 0 
