324   1
0
19
20
0
1.950000e+01
20
0
20
20
0
9.500000e+00
3.645448e+01
0
9.750000e+00
3.688750e+01
0
1.000000e+01
3.732051e+01
0
-9.500000e+00
3.645448e+01
0
-9.750000e+00
3.688750e+01
0
-1.000000e+01
3.732051e+01
0
-19
2.000000e+01
0
-1.950000e+01
2.000000e+01
0
-20
2.000000e+01
0
-9.500000e+00
3.545517e+00
0
-9.750000e+00
3.112505e+00
0
-1.000000e+01
2.679492e+00
0
9.500000e+00
3.545517e+00
0
9.750000e+00
3.112505e+00
0
1.000000e+01
2.679492e+00
0
19
20
0
1.950000e+01
20
0
20
20
0
9.500000e+00
3.645448e+01
0
9.750000e+00
3.688750e+01
0
1.000000e+01
3.732051e+01
0
-9.500000e+00
3.645448e+01
0
-9.750000e+00
3.688750e+01
0
-1.000000e+01
3.732051e+01
0
-19
2.000000e+01
0
-1.950000e+01
2.000000e+01
0
-20
2.000000e+01
0
-9.500000e+00
3.545517e+00
0
-9.750000e+00
3.112505e+00
0
-1.000000e+01
2.679492e+00
0
9.500000e+00
3.545517e+00
0
9.750000e+00
3.112505e+00
0
1.000000e+01
2.679492e+00
0
19
20
0
1.950000e+01
20
0
20
20
0
9.500000e+00
3.645448e+01
0
9.750000e+00
3.688750e+01
0
1.000000e+01
3.732051e+01
0
-9.500000e+00
3.645448e+01
0
-9.750000e+00
3.688750e+01
0
-1.000000e+01
3.732051e+01
0
-19
2.000000e+01
0
-1.950000e+01
2.000000e+01
0
-20
2.000000e+01
0
-9.500000e+00
3.545517e+00
0
-9.750000e+00
3.112505e+00
0
-1.000000e+01
2.679492e+00
0
9.500000e+00
3.545517e+00
0
9.750000e+00
3.112505e+00
0
1.000000e+01
2.679492e+00
3.464102e+00
17
20
3.464102e+00
1.725000e+01
20
3.464102e+00
1.750000e+01
20
3.464102e+00
8.500000e+00
3.472243e+01
3.464102e+00
8.625000e+00
3.493894e+01
3.464102e+00
8.750000e+00
3.515544e+01
3.464102e+00
-8.500000e+00
3.472243e+01
3.464102e+00
-8.625000e+00
3.493894e+01
3.464102e+00
-8.750000e+00
3.515544e+01
3.464102e+00
-17
2.000000e+01
3.464102e+00
-1.725000e+01
2.000000e+01
3.464102e+00
-1.750000e+01
2.000000e+01
3.464102e+00
-8.500000e+00
5.277568e+00
3.464102e+00
-8.625000e+00
5.061062e+00
3.464102e+00
-8.750000e+00
4.844555e+00
3.464102e+00
8.500000e+00
5.277568e+00
3.464102e+00
8.625000e+00
5.061062e+00
3.464102e+00
8.750000e+00
4.844555e+00
3.897114e+00
17
20
3.897114e+00
1.725000e+01
20
3.897114e+00
1.750000e+01
20
3.897114e+00
8.500000e+00
3.472243e+01
3.897114e+00
8.625000e+00
3.493894e+01
3.897114e+00
8.750000e+00
3.515544e+01
3.897114e+00
-8.500000e+00
3.472243e+01
3.897114e+00
-8.625000e+00
3.493894e+01
3.897114e+00
-8.750000e+00
3.515544e+01
3.897114e+00
-17
2.000000e+01
3.897114e+00
-1.725000e+01
2.000000e+01
3.897114e+00
-1.750000e+01
2.000000e+01
3.897114e+00
-8.500000e+00
5.277568e+00
3.897114e+00
-8.625000e+00
5.061062e+00
3.897114e+00
-8.750000e+00
4.844555e+00
3.897114e+00
8.500000e+00
5.277568e+00
3.897114e+00
8.625000e+00
5.061062e+00
3.897114e+00
8.750000e+00
4.844555e+00
4.330127e+00
17
20
4.330127e+00
1.725000e+01
20
4.330127e+00
1.750000e+01
20
4.330127e+00
8.500000e+00
3.472243e+01
4.330127e+00
8.625000e+00
3.493894e+01
4.330127e+00
8.750000e+00
3.515544e+01
4.330127e+00
-8.500000e+00
3.472243e+01
4.330127e+00
-8.625000e+00
3.493894e+01
4.330127e+00
-8.750000e+00
3.515544e+01
4.330127e+00
-17
2.000000e+01
4.330127e+00
-1.725000e+01
2.000000e+01
4.330127e+00
-1.750000e+01
2.000000e+01
4.330127e+00
-8.500000e+00
5.277568e+00
4.330127e+00
-8.625000e+00
5.061062e+00
4.330127e+00
-8.750000e+00
4.844555e+00
4.330127e+00
8.500000e+00
5.277568e+00
4.330127e+00
8.625000e+00
5.061062e+00
4.330127e+00
8.750000e+00
4.844555e+00
3.464102e+00
13
20
3.464102e+00
1.275000e+01
20
3.464102e+00
1.250000e+01
20
3.464102e+00
6.500000e+00
3.125833e+01
3.464102e+00
6.375000e+00
3.104182e+01
3.464102e+00
6.250000e+00
3.082532e+01
3.464102e+00
-6.500000e+00
3.125833e+01
3.464102e+00
-6.375000e+00
3.104182e+01
3.464102e+00
-6.250000e+00
3.082532e+01
3.464102e+00
-13
20
3.464102e+00
-1.275000e+01
20
3.464102e+00
-1.250000e+01
20
3.464102e+00
-6.500000e+00
8.741670e+00
3.464102e+00
-6.375000e+00
8.958176e+00
3.464102e+00
-6.250000e+00
9.174682e+00
3.464102e+00
6.500000e+00
8.741670e+00
3.464102e+00
6.375000e+00
8.958176e+00
3.464102e+00
6.250000e+00
9.174682e+00
3.897114e+00
13
20
3.897114e+00
1.275000e+01
20
3.897114e+00
1.250000e+01
20
3.897114e+00
6.500000e+00
3.125833e+01
3.897114e+00
6.375000e+00
3.104182e+01
3.897114e+00
6.250000e+00
3.082532e+01
3.897114e+00
-6.500000e+00
3.125833e+01
3.897114e+00
-6.375000e+00
3.104182e+01
3.897114e+00
-6.250000e+00
3.082532e+01
3.897114e+00
-13
20
3.897114e+00
-1.275000e+01
20
3.897114e+00
-1.250000e+01
20
3.897114e+00
-6.500000e+00
8.741670e+00
3.897114e+00
-6.375000e+00
8.958176e+00
3.897114e+00
-6.250000e+00
9.174682e+00
3.897114e+00
6.500000e+00
8.741670e+00
3.897114e+00
6.375000e+00
8.958176e+00
3.897114e+00
6.250000e+00
9.174682e+00
4.330127e+00
13
20
4.330127e+00
1.275000e+01
20
4.330127e+00
1.250000e+01
20
4.330127e+00
6.500000e+00
3.125833e+01
4.330127e+00
6.375000e+00
3.104182e+01
4.330127e+00
6.250000e+00
3.082532e+01
4.330127e+00
-6.500000e+00
3.125833e+01
4.330127e+00
-6.375000e+00
3.104182e+01
4.330127e+00
-6.250000e+00
3.082532e+01
4.330127e+00
-13
20
4.330127e+00
-1.275000e+01
20
4.330127e+00
-1.250000e+01
20
4.330127e+00
-6.500000e+00
8.741670e+00
4.330127e+00
-6.375000e+00
8.958176e+00
4.330127e+00
-6.250000e+00
9.174682e+00
4.330127e+00
6.500000e+00
8.741670e+00
4.330127e+00
6.375000e+00
8.958176e+00
4.330127e+00
6.250000e+00
9.174682e+00
4.898587e-16
11
20
4.898587e-16
1.050000e+01
20
4.898587e-16
10
20
4.898587e-16
5.500000e+00
2.952628e+01
4.898587e-16
5.250000e+00
2.909327e+01
4.898587e-16
5.000000e+00
2.866025e+01
4.898587e-16
-5.500000e+00
2.952628e+01
4.898587e-16
-5.250000e+00
2.909327e+01
4.898587e-16
-5.000000e+00
2.866025e+01
4.898587e-16
-11
20
4.898587e-16
-1.050000e+01
20
4.898587e-16
-10
20
4.898587e-16
-5.500000e+00
1.047372e+01
4.898587e-16
-5.250000e+00
1.090673e+01
4.898587e-16
-5.000000e+00
1.133975e+01
4.898587e-16
5.500000e+00
1.047372e+01
4.898587e-16
5.250000e+00
1.090673e+01
4.898587e-16
5.000000e+00
1.133975e+01
5.510911e-16
11
20
5.510911e-16
1.050000e+01
20
5.510911e-16
10
20
5.510911e-16
5.500000e+00
2.952628e+01
5.510911e-16
5.250000e+00
2.909327e+01
5.510911e-16
5.000000e+00
2.866025e+01
5.510911e-16
-5.500000e+00
2.952628e+01
5.510911e-16
-5.250000e+00
2.909327e+01
5.510911e-16
-5.000000e+00
2.866025e+01
5.510911e-16
-11
20
5.510911e-16
-1.050000e+01
20
5.510911e-16
-10
20
5.510911e-16
-5.500000e+00
1.047372e+01
5.510911e-16
-5.250000e+00
1.090673e+01
5.510911e-16
-5.000000e+00
1.133975e+01
5.510911e-16
5.500000e+00
1.047372e+01
5.510911e-16
5.250000e+00
1.090673e+01
5.510911e-16
5.000000e+00
1.133975e+01
6.123234e-16
11
20
6.123234e-16
1.050000e+01
20
6.123234e-16
10
20
6.123234e-16
5.500000e+00
2.952628e+01
6.123234e-16
5.250000e+00
2.909327e+01
6.123234e-16
5.000000e+00
2.866025e+01
6.123234e-16
-5.500000e+00
2.952628e+01
6.123234e-16
-5.250000e+00
2.909327e+01
6.123234e-16
-5.000000e+00
2.866025e+01
6.123234e-16
-11
20
6.123234e-16
-1.050000e+01
20
6.123234e-16
-10
20
6.123234e-16
-5.500000e+00
1.047372e+01
6.123234e-16
-5.250000e+00
1.090673e+01
6.123234e-16
-5.000000e+00
1.133975e+01
6.123234e-16
5.500000e+00
1.047372e+01
6.123234e-16
5.250000e+00
1.090673e+01
6.123234e-16
5.000000e+00
1.133975e+01
-3.464102e+00
1.300000e+01
20
-3.464102e+00
1.275000e+01
20
-3.464102e+00
1.250000e+01
20
-3.464102e+00
6.500000e+00
3.125833e+01
-3.464102e+00
6.375000e+00
3.104182e+01
-3.464102e+00
6.250000e+00
3.082532e+01
-3.464102e+00
-6.500000e+00
3.125833e+01
-3.464102e+00
-6.375000e+00
3.104182e+01
-3.464102e+00
-6.250000e+00
3.082532e+01
-3.464102e+00
-1.300000e+01
20
-3.464102e+00
-1.275000e+01
20
-3.464102e+00
-1.250000e+01
20
-3.464102e+00
-6.500000e+00
8.741670e+00
-3.464102e+00
-6.375000e+00
8.958176e+00
-3.464102e+00
-6.250000e+00
9.174682e+00
-3.464102e+00
6.500000e+00
8.741670e+00
-3.464102e+00
6.375000e+00
8.958176e+00
-3.464102e+00
6.250000e+00
9.174682e+00
-3.897114e+00
1.300000e+01
20
-3.897114e+00
1.275000e+01
20
-3.897114e+00
1.250000e+01
20
-3.897114e+00
6.500000e+00
3.125833e+01
-3.897114e+00
6.375000e+00
3.104182e+01
-3.897114e+00
6.250000e+00
3.082532e+01
-3.897114e+00
-6.500000e+00
3.125833e+01
-3.897114e+00
-6.375000e+00
3.104182e+01
-3.897114e+00
-6.250000e+00
3.082532e+01
-3.897114e+00
-1.300000e+01
20
-3.897114e+00
-1.275000e+01
20
-3.897114e+00
-1.250000e+01
20
-3.897114e+00
-6.500000e+00
8.741670e+00
-3.897114e+00
-6.375000e+00
8.958176e+00
-3.897114e+00
-6.250000e+00
9.174682e+00
-3.897114e+00
6.500000e+00
8.741670e+00
-3.897114e+00
6.375000e+00
8.958176e+00
-3.897114e+00
6.250000e+00
9.174682e+00
-4.330127e+00
1.300000e+01
20
-4.330127e+00
1.275000e+01
20
-4.330127e+00
1.250000e+01
20
-4.330127e+00
6.500000e+00
3.125833e+01
-4.330127e+00
6.375000e+00
3.104182e+01
-4.330127e+00
6.250000e+00
3.082532e+01
-4.330127e+00
-6.500000e+00
3.125833e+01
-4.330127e+00
-6.375000e+00
3.104182e+01
-4.330127e+00
-6.250000e+00
3.082532e+01
-4.330127e+00
-1.300000e+01
20
-4.330127e+00
-1.275000e+01
20
-4.330127e+00
-1.250000e+01
20
-4.330127e+00
-6.500000e+00
8.741670e+00
-4.330127e+00
-6.375000e+00
8.958176e+00
-4.330127e+00
-6.250000e+00
9.174682e+00
-4.330127e+00
6.500000e+00
8.741670e+00
-4.330127e+00
6.375000e+00
8.958176e+00
-4.330127e+00
6.250000e+00
9.174682e+00
-3.464102e+00
1.700000e+01
20
-3.464102e+00
1.725000e+01
20
-3.464102e+00
1.750000e+01
20
-3.464102e+00
8.500000e+00
3.472243e+01
-3.464102e+00
8.625000e+00
3.493894e+01
-3.464102e+00
8.750000e+00
3.515544e+01
-3.464102e+00
-8.500000e+00
3.472243e+01
-3.464102e+00
-8.625000e+00
3.493894e+01
-3.464102e+00
-8.750000e+00
3.515544e+01
-3.464102e+00
-1.700000e+01
2.000000e+01
-3.464102e+00
-1.725000e+01
2.000000e+01
-3.464102e+00
-1.750000e+01
2.000000e+01
-3.464102e+00
-8.500000e+00
5.277568e+00
-3.464102e+00
-8.625000e+00
5.061062e+00
-3.464102e+00
-8.750000e+00
4.844555e+00
-3.464102e+00
8.500000e+00
5.277568e+00
-3.464102e+00
8.625000e+00
5.061062e+00
-3.464102e+00
8.750000e+00
4.844555e+00
-3.897114e+00
1.700000e+01
20
-3.897114e+00
1.725000e+01
20
-3.897114e+00
1.750000e+01
20
-3.897114e+00
8.500000e+00
3.472243e+01
-3.897114e+00
8.625000e+00
3.493894e+01
-3.897114e+00
8.750000e+00
3.515544e+01
-3.897114e+00
-8.500000e+00
3.472243e+01
-3.897114e+00
-8.625000e+00
3.493894e+01
-3.897114e+00
-8.750000e+00
3.515544e+01
-3.897114e+00
-1.700000e+01
2.000000e+01
-3.897114e+00
-1.725000e+01
2.000000e+01
-3.897114e+00
-1.750000e+01
2.000000e+01
-3.897114e+00
-8.500000e+00
5.277568e+00
-3.897114e+00
-8.625000e+00
5.061062e+00
-3.897114e+00
-8.750000e+00
4.844555e+00
-3.897114e+00
8.500000e+00
5.277568e+00
-3.897114e+00
8.625000e+00
5.061062e+00
-3.897114e+00
8.750000e+00
4.844555e+00
-4.330127e+00
1.700000e+01
20
-4.330127e+00
1.725000e+01
20
-4.330127e+00
1.750000e+01
20
-4.330127e+00
8.500000e+00
3.472243e+01
-4.330127e+00
8.625000e+00
3.493894e+01
-4.330127e+00
8.750000e+00
3.515544e+01
-4.330127e+00
-8.500000e+00
3.472243e+01
-4.330127e+00
-8.625000e+00
3.493894e+01
-4.330127e+00
-8.750000e+00
3.515544e+01
-4.330127e+00
-1.700000e+01
2.000000e+01
-4.330127e+00
-1.725000e+01
2.000000e+01
-4.330127e+00
-1.750000e+01
2.000000e+01
-4.330127e+00
-8.500000e+00
5.277568e+00
-4.330127e+00
-8.625000e+00
5.061062e+00
-4.330127e+00
-8.750000e+00
4.844555e+00
-4.330127e+00
8.500000e+00
5.277568e+00
-4.330127e+00
8.625000e+00
5.061062e+00
-4.330127e+00
8.750000e+00
4.844555e+00
