0 0.2 0 0 
0.005 0.199877374975475 -0.04905 0 
0.01 0.19950949995095 -0.0981 0 
0.015 0.198896374926425 -0.14715 0 
0.02 0.1980379999019 -0.1962 0 
0.025 0.196934350352325 -0.245250981 0 
0.03 0.19558549985285 -0.2943 0 
0.035 0.193991340493275 -0.343350981 0 
0.04 0.1921519998038 -0.3924 0 
0.045 0.190067374779275 -0.44145 0 
0.05 0.1877374507047 -0.490500981 0 
0.055 0.185162374730225 -0.53955 0 
0.06 0.1823419997057 -0.5886 0 
0.065 0.179276374681175 -0.63765 0 
0.07 0.1759654309866 -0.686700981 0 
0.075 0.172409374632125 -0.73575 0 
0.08 0.1686079996076 -0.7848 0 
0.085 0.164561291198025 -0.833850981 0 
0.09 0.16026949955855 -0.8829 0 
0.095 0.155732374534025 -0.93195 0 
0.1 0.15094990140945 -0.981000981 0 
0.105 0.145922374484975 -1.03005 0 
0.11 0.14064949946045 -1.0791 0 
0.115 0.135131374435925 -1.12815 0 
0.12 0.1293679994114 -1.1772 0 
0.125 0.123359374386875 -1.22625 0 
0.13 0.11710549936235 -1.2753 0 
0.135 0.110606241902775 -1.324350981 0 
0.14 0.10386186197325 -1.373400981 0 
0.145 0.096872374288775 -1.42245 0 
0.15 0.0961595578806731 1.13732292480469 0 
0.155 0.101723547480172 1.08827292480469 0 
0.16 0.10704228707967 1.03922292480469 0 
0.165 0.112115875696411 0.990171943804688 0 
0.17 0.116944110390909 0.941121943804687 0 
0.175 0.121527095085408 0.892071943804687 0 
0.18 0.125864745477664 0.843022924804687 0 
0.185 0.129957235077162 0.793972924804687 0 
0.19 0.133804474676661 0.744922924804687 0 
0.195 0.137406533863402 0.695871943804688 0 
0.2 0.1407632685579 0.646821943804687 0 
0.205 0.143874753252398 0.597771943804687 0 
0.21 0.146740933074654 0.548722924804687 0 
0.215 0.149361922674153 0.499672924804687 0 
0.22 0.151737662273651 0.450622924804687 0 
0.225 0.15386815187315 0.401572924804688 0 
0.23 0.155753391472648 0.352522924804688 0 
0.235 0.157393411419389 0.303471943804687 0 
0.24 0.158788120671645 0.254422924804687 0 
0.245 0.159937610271143 0.205372924804687 0 
0.25 0.160841849870642 0.156322924804687 0 
0.255 0.16150083947014 0.107272924804687 0 
0.26 0.161914579069639 0.0582229248046873 0 
0.265 0.16208306958638 0.00917194380468773 0 
0.27 0.162006304280878 -0.0398780561953123 0 
0.275 0.161684288975377 -0.0889280561953124 0 
0.28 0.161117023669875 -0.137978056195312 0 
0.285 0.160304508364373 -0.187028056195312 0 
0.29 0.159246766666629 -0.236077075195312 0 
0.295 0.157943756266128 -0.285127075195312 0 
0.3 0.156395495865626 -0.334177075195313 0 
0.305 0.154601985465125 -0.383227075195313 0 
0.31 0.152563225064623 -0.432277075195313 0 
0.315 0.150279214664122 -0.481327075195313 0 
0.32 0.14774995426362 -0.530377075195313 0 
0.325 0.144975385920361 -0.579428056195312 0 
0.33 0.141955620614859 -0.628478056195312 0 
0.335 0.138690605309358 -0.677528056195312 0 
0.34 0.135180340003856 -0.726578056195312 0 
0.345 0.131424824698355 -0.775628056195312 0 
0.35 0.127424059392853 -0.824678056195312 0 
0.355 0.123178131460109 -0.873727075195312 0 
0.36 0.118686871059608 -0.922777075195312 0 
0.365 0.113950360659106 -0.971827075195313 0 
0.37 0.108968600258604 -1.02087707519531 0 
0.375 0.103741589858103 -1.06992707519531 0 
0.38 0.0982693294576013 -1.11897707519531 0 
0.385 0.0977085714286207 0.894677946846594 0 
0.39 0.102059336138329 0.845627946846594 0 
0.395 0.106164850848037 0.796577946846594 0 
0.4 0.110025115557745 0.747527946846594 0 
0.405 0.113640130267453 0.698477946846594 0 
0.41 0.117009894977161 0.649427946846594 0 
0.415 0.120134409686869 0.600377946846594 0 
0.42 0.123013619263734 0.551328927846594 0 
0.425 0.125647638878442 0.502278927846594 0 
0.43 0.12803640849315 0.453228927846594 0 
0.435 0.130179928107858 0.404178927846594 0 
0.44 0.132078197722566 0.355128927846594 0 
0.445 0.133731217337274 0.306078927846594 0 
0.45 0.135138986951982 0.257028927846594 0 
0.455 0.13630150656669 0.207978927846594 0 
0.46 0.137218776181398 0.158928927846594 0 
0.465 0.137890795796105 0.109878927846594 0 
0.47 0.138317571493656 0.0608279468465943 0 
0.475 0.138499086203364 0.0117779468465942 0 
0.48 0.138435354640229 -0.0372710721534058 0 
0.485 0.138126374254937 -0.0863210721534058 0 
0.49 0.137572143869645 -0.135371072153406 0 
0.495 0.136772663484353 -0.184421072153406 0 
0.5 0.135727933099061 -0.233471072153406 0 
0.505 0.134437952713769 -0.282521072153406 0 
0.51 0.132902722328477 -0.331571072153406 0 
0.515 0.131122241943185 -0.380621072153406 0 
0.52 0.129096511557893 -0.429671072153406 0 
0.525 0.126825531172601 -0.478721072153406 0 
0.53 0.124309248010152 -0.527772053153406 0 
0.535 0.12154776271986 -0.576822053153406 0 
0.54 0.118541027429568 -0.625872053153406 0 
0.545 0.115289042139276 -0.674922053153406 0 
0.55 0.111791806848984 -0.723972053153406 0 
0.555 0.108049321558692 -0.773022053153406 0 
0.56 0.1040615862684 -0.822072053153406 0 
0.565 0.0998286009781075 -0.871122053153406 0 
0.57 0.099391066773115 0.696108057710383 0 
0.575 0.102748982037142 0.647058057710383 0 
0.58 0.105861587500315 0.598009038710383 0 
0.585 0.108729007669342 0.548959038710383 0 
0.59 0.111351177838369 0.499909038710383 0 
0.595 0.113728098007396 0.450859038710383 0 
0.6 0.115859768176423 0.401809038710383 0 
0.605 0.11774618834545 0.352759038710383 0 
0.61 0.119387358514476 0.303709038710383 0 
0.615 0.120783278683503 0.254659038710383 0 
0.62 0.12193394885253 0.205609038710383 0 
0.625 0.122839369021557 0.156559038710383 0 
0.63 0.123499539190584 0.107509038710383 0 
0.635 0.123914459359611 0.058459038710383 0 
0.64 0.124084129528638 0.009409038710383 0 
0.645 0.124008545733519 -0.0396419422896165 0 
0.65 0.123687710997546 -0.0886919422896166 0 
0.655 0.123121626261573 -0.137741942289617 0 
0.66 0.1223102915256 -0.186791942289617 0 
0.665 0.121253706789626 -0.235841942289617 0 
0.67 0.119951872053653 -0.284891942289617 0 
0.675 0.11840478731768 -0.333941942289617 0 
0.68 0.116612452581707 -0.382991942289617 0 
0.685 0.114574867845734 -0.432041942289617 0 
0.69 0.112292033109761 -0.481091942289617 0 
0.695 0.109763948373788 -0.530141942289617 0 
0.7 0.106990613637815 -0.579191942289617 0 
0.705 0.103972091725988 -0.628240961289616 0 
0.71 0.100708261895015 -0.677290961289617 0 
0.715 0.100368068959987 0.541213543577435 0 
0.72 0.102951511653349 0.492163543577435 0 
0.725 0.105289704346711 0.443113543577435 0 
0.73 0.107382647040073 0.394063543577435 0 
0.735 0.109230339733435 0.345013543577435 0 
0.74 0.110832782426797 0.295963543577435 0 
0.745 0.11218997512016 0.246913543577435 0 
0.75 0.113301917813522 0.197863543577435 0 
0.755 0.114168610506884 0.148813543577434 0 
0.76 0.114790053200246 0.0997635435774344 0 
0.765 0.115166250964913 0.0507125625774349 0 
0.77 0.115297188753275 0.00166256257743487 0 
0.775 0.115182876541637 -0.0473874374225652 0 
0.78 0.114823314329999 -0.0964374374225652 0 
0.785 0.114218502118361 -0.145487437422565 0 
0.79 0.113368439906724 -0.194537437422565 0 
0.795 0.112273127695086 -0.243587437422565 0 
0.8 0.110932565483448 -0.292637437422565 0 
0.805 0.10934675327181 -0.341687437422565 0 
0.81 0.107515691060172 -0.390737437422565 0 
0.815 0.105439378848534 -0.439787437422565 0 
0.82 0.103117816636896 -0.488837437422566 0 
0.825 0.100551004425259 -0.537887437422566 0 
0.83 0.10027957767602 0.429316544286333 0 
0.835 0.102303497346224 0.380267525286333 0 
0.84 0.104082209948131 0.331217525286333 0 
0.845 0.105615672550038 0.282167525286333 0 
0.85 0.106903885151944 0.233117525286333 0 
0.855 0.107946847753851 0.184067525286333 0 
0.86 0.108744560355758 0.135017525286332 0 
0.865 0.109297022957664 0.0859675252863324 0 
0.87 0.109604235559571 0.0369175252863324 0 
0.875 0.109666198161478 -0.0121324747136676 0 
0.88 0.109482910763384 -0.0611824747136677 0 
0.885 0.109054373365291 -0.110232474713668 0 
0.89 0.108380585967198 -0.159282474713668 0 
0.895 0.107461548569104 -0.208332474713667 0 
0.9 0.106297261171011 -0.257382474713667 0 
0.905 0.104887723772918 -0.306432474713667 0 
0.91 0.103232936374824 -0.355482474713667 0 
0.915 0.101332898976731 -0.404532474713667 0 
0.92 0.0991876115786376 -0.453582474713667 0 
0.925 0.0989587077157462 0.362020766436476 0 
0.93 0.100646186523404 0.312970766436476 0 
0.935 0.102088441723088 0.263919785436475 0 
0.94 0.103285415625745 0.214869785436475 0 
0.945 0.104237139528402 0.165819785436475 0 
0.95 0.10494361343106 0.116769785436476 0 
0.955 0.105404837333717 0.0677197854364764 0 
0.96 0.105620809369348 0.0186707664364758 0 
0.965 0.105591538177005 -0.0303792335635242 0 
0.97 0.105317016984663 -0.0794292335635243 0 
0.975 0.10479724579232 -0.128479233563524 0 
0.98 0.104032224599977 -0.177529233563524 0 
0.985 0.103021953407635 -0.226579233563524 0 
0.99 0.101766432215292 -0.275629233563524 0 
0.995 0.100265661022949 -0.324679233563525 0 
1 0.100101775134055 0.259124761244946 0 
1.005 0.101274794923181 0.210073780244947 0 
1.01 0.102202522697455 0.161024761244946 0 
1.015 0.10288503267658 0.111973780244947 0 
1.02 0.103322270260854 0.0629247612449461 0 
1.025 0.103514269042554 0.0138747612449472 0 
1.03 0.103461017824253 -0.035175238755054 0 
1.035 0.103162516605953 -0.0842252387550529 0 
1.04 0.102618765387653 -0.133275238755054 0 
1.045 0.101829764169353 -0.182325238755053 0 
1.05 0.100795512951052 -0.231375238755054 0 
1.055 0.0995160117327521 -0.280425238755053 0 
1.06 0.0993744444433511 0.223799354665411 0 
1.065 0.10037079871717 0.17475033566541 0 
1.07 0.101121937940955 0.12569935466541 0 
1.075 0.101627802024774 0.0766503356654099 0 
1.08 0.101888431438559 0.0275993546654104 0 
1.085 0.101903805332378 -0.0214496643345902 0 
1.09 0.101673924936163 -0.0705006453345897 0 
1.095 0.101198808639982 -0.11954966433459 0 
1.1 0.100478418433768 -0.16860064533459 0 
1.105 0.099512811947586 -0.21764966433459 0 
1.11 0.0994018326480852 0.17325875416923 0 
1.115 0.100145488973483 0.12420973516923 0 
1.12 0.100643920140728 0.0751587541692303 0 
1.125 0.100897086276125 0.0261097351692298 0 
1.13 0.10090500763337 -0.0229412458307697 0 
1.135 0.100667683578768 -0.0719902648307703 0 
1.14 0.100185095126012 -0.12104124583077 0 
1.145 0.100123272512012 0.0963116621695077 0 
1.15 0.100482210524451 0.0472606811695082 0 
1.155 0.100595889084658 -0.00178833783049238 0 
1.16 0.10046432237098 -0.0508383378304913 0 
1.165 0.100087505657303 -0.0998883378304925 0 
1.17 0.100035326724245 0.0790167288265233 0 
1.175 0.100307788340476 0.0299657478265238 0 
1.18 0.10033499396346 -0.0190832711734768 0 
1.185 0.100116945769691 -0.0681342521734763 0 
1.19 0.100081202752737 0.0538367350477175 0 
1.195 0.100227761882074 0.00478575404771802 0 
1.2 0.100129070054164 -0.0442632649522825 0 
1.205 0.0997851193735009 -0.0933142459522821 0 
1.21 0.0997363440258044 0.0738036832395049 0 
1.215 0.0999827398927952 0.0247527022395054 0 
1.22 0.0999838808091495 -0.0242963167604952 0 
1.225 0.0999699201987081 0.0187121756648892 0 
1.23 0.0999408590862419 -0.0303368433351114 0 
1.235 0.0999236657909924 0.0234596520196266 0 
1.24 0.0999332636393249 -0.0196204272862854 0 
1.245 0.0999218054062311 0.0150372187812524 0 
1.25 0.0999276065400014 -0.0127167133123065 0 
1.255 0.0999198429403154 0.00961133107982839 0 
1.26 0.0999221681890269 -0.00868120933437238 0 
1.265 0.0999165642541053 0.00643967717217081 0 
1.27 0.0999183208639667 -0.00573701673914436 0 
1.275 0.0999131328186029 0.00366183821740206 0 
1.28 0.099913305226331 -0.00359287229593222 0 
1.285 0.0999093401535246 0.00200684205342269 0 
1.29 0.0999085686090961 -0.00231545278811063 0 
1.295 0.0999053321665215 0.00102084919894789 0 
1.3 0.0999039982876703 -0.0015543895535629 0 
1.305 0.0999011958796165 0.000433403514781355 0 
1.31 0.0998995269669685 -0.00110095491609686 0 
1.315 0.0998969831527827 8.34086539872603e-05 0 
1.32 0.0998951146300085 -0.000830802632921408 0 
1.325 0.099892724883726 -0.000125115139588794 0 
1.33 0.0998907374350321 -0.000669848329754891 0 
1.335 0.0998884394810221 -0.000249351742345451 0 
1.34 0.0998863811773336 -0.000573953202002098 0 
1.345 0.0998841379123349 -0.000323370794079632 0 
1.35 0.0998820373938774 -0.000516819746444776 0 
1.355 0.0998798267121002 -0.000367470680087946 0 
1.36 0.0998777010424625 -0.000482780146932107 0 
1.365 0.099875509773476 -0.000393744995961794 0 
1.37 0.0998733691189911 -0.000462499659366983 0 
1.375 0.0998711894159709 -0.000409398997301115 0 
1.38 0.0998690398336486 -0.000450416727083194 0 
1.385 0.0998668670215273 -0.000418725510657671 0 
1.39 0.0998647121200797 -0.000443217824586103 0 
1.395 0.0998625434134939 -0.000424282163522617 0 
1.4 0.0998603853429594 -0.000438928783155976 0 
1.405 0.0998582190824148 -0.000427592767376493 0 
1.41 0.0998560592052853 -0.000436358082681255 0 
1.415 0.099853894247576 -0.000429607683055402 0 
1.42 0.0998517333028567 -0.000434787491516618 0 
1.425 0.0998495692408918 -0.000430819983110599 0 
1.43 0.0998474076047975 -0.000433851747411521 0 
1.435 0.099845244076509 -0.000431542260591729 0 
1.44 0.0998430820284998 -0.000433294239480769 0 
1.445 0.0998409188181708 -0.000431972587025771 0 
1.45 0.0998387565247463 -0.00043296208126449 0 
1.455 0.0998365935038548 -0.000432228971648962 0 
1.46 0.0998344310642142 -0.000432764184383469 0 
1.465 0.0998322681561878 -0.000432381723304003 0 
1.47 0.0998301056294329 -0.000432646279199728 0 
1.475 0.0998279427886506 -0.000432472731367706 0 
1.48 0.0998257802099937 -0.000432576032350564 0 
1.485 0.0998236174092748 -0.000432526953154405 0 
1.49 0.0998214547996952 -0.000432534179908954 0 
1.495 0.0998192920228457 -0.000432559258007767 0 
1.5 0.0998171293948426 -0.000432509244600261 0 
1.505 0.0998149666322143 -0.000432578504949169 0 
1.51 0.0998128039932347 -0.000432494388367365 0 
1.515 0.0998106412390793 -0.000432589972103936 0 
1.52 0.09980847859356 -0.00043248553715728 0 
1.525 0.0998063158444526 -0.000432596804131713 0 
1.53 0.0998041531134627 -0.000432495591810814 0 
1.535 0.0998019904401955 -0.00043257371507105 0 
1.54 0.0997998277223737 -0.000432513413679517 0 
1.545 0.0997976651205156 -0.000432544630691131 0 
1.55 0.0997955023377058 -0.000432551191310276 0 
1.555 0.0997933397143032 -0.00043251547108239 0 
1.56 0.0997911769481238 -0.000432573698883269 0 
1.565 0.0997890143118851 -0.000432498098049489 0 
1.57 0.0997868515556139 -0.000432587108693046 0 
1.575 0.0997846889117276 -0.000432487747352564 0 
1.58 0.0997825261613597 -0.000432595098137235 0 
1.585 0.099780363512917 -0.000432481580500327 0 
1.59 0.0997782007660662 -0.000432599858176307 0 
1.595 0.0997760381149088 -0.000432477906345166 0 
1.6 0.0997738753701534 -0.00043260269416482 0 
1.605 0.0997717127173787 -0.000432475717316541 0 
1.61 0.0997695499738718 -0.00043260438382129 0 
1.615 0.0997673873201335 -0.000432474413112949 0 
1.62 0.0997652245773704 -0.000432605390503445 0 
1.625 0.0997630619230579 -0.000432473636080163 0 
1.63 0.099760899180738 -0.000432605990275607 0 
1.635 0.0997587365260835 -0.000432473173131026 0 
1.64 0.0997565737840276 -0.000432606347614488 0 
1.645 0.0997544111291693 -0.000432472897310077 0 
1.65 0.0997522483872707 -0.000432606560513769 0 
1.655 0.0997500856507167 -0.000432488061103416 0 
1.66 0.0997479229817444 -0.000432579527835819 0 
1.665 0.0997457602606074 -0.000432508926951708 0 
1.67 0.0997435976613082 -0.000432548093884162 0 
1.675 0.0997414348765232 -0.00043254851815816 0 
1.68 0.0997392722546451 -0.000432517534421674 0 
1.685 0.0997371095688637 -0.000432556778118258 0 
1.69 0.0997349468607012 -0.000432526486889989 0 
1.695 0.0997327841698142 -0.000432549867931772 0 
1.7 0.0997306214655926 -0.000432531820690182 0 
1.705 0.0997284587716636 -0.000432545750904748 0 
1.71 0.0997262960697901 -0.000432534998520417 0 
1.715 0.0997241333740487 -0.000432543298017035 0 
1.72 0.0997219706735741 -0.000432536891843117 0 
1.725 0.0997198079767529 -0.000432541836608576 0 
1.73 0.0997176452771117 -0.00043253801986777 0 
1.735 0.0997154825796473 -0.000432540965914545 0 
1.74 0.0997133198805027 -0.000432538691934721 0 
1.745 0.0997111571826549 -0.000432540447162864 0 
1.75 0.0997089944838061 -0.000432539092346182 0 
1.755 0.099706831704155 -0.000432555466220279 0 
1.76 0.0997046690783144 -0.000432512171386235 0 
1.765 0.0997025063140169 -0.000432576245836244 0 
1.77 0.0997003436763256 -0.00043249613212016 0 
1.775 0.0996981809211757 -0.000432588626144745 0 
1.78 0.099696018276424 -0.000432486576069528 0 
1.785 0.0996938555267241 -0.000432596002221328 0 
1.79 0.0996916928777657 -0.000432480882660381 0 
1.795 0.0996895302128873 -0.000432585068696541 0 
1.8 0.0996873674885903 -0.000432504650099842 0 
1.805 0.0996852048101571 -0.0004325667232042 0 
1.81 0.0996830420963228 -0.000432518810526743 0 
1.815 0.0996808794098136 -0.000432555793124685 0 
1.82 0.0996787167022129 -0.000432527247181867 0 
1.825 0.0996765540108922 -0.000432549281081517 0 
1.83 0.0996743913070053 -0.000432532273665194 0 
1.835 0.099672228612818 -0.000432545401264688 0 
1.84 0.0996700659111439 -0.000432535268398794 0 
1.845 0.0996679032152486 -0.000432543089704703 0 
1.85 0.0996657405148928 -0.000432537052634165 0 
1.855 0.0996635778179799 -0.00043254171249802 0 
1.86 0.0996614151184095 -0.000432538115665577 0 
1.865 0.0996592524208904 -0.000432540891970652 0 
1.87 0.0996570896402129 -0.000432554077135147 0 
1.875 0.0996549270151645 -0.00043251324358632 0 
1.88 0.0996527642502555 -0.000432575418231801 0 
1.885 0.0996506016130362 -0.00043249677092734 0 
1.89 0.0996484388575219 -0.000432588133065452 0 
1.895 0.0996462762130514 -0.000432486956665118 0 
1.9 0.0996441134631345 -0.000432595708449106 0 
1.905 0.0996419508143437 -0.000432481109415822 0 
1.91 0.0996397880677615 -0.000432600221794692 0 
1.915 0.0996376254163968 -0.000432477625677198 0 
1.92 0.0996354627533759 -0.00043258758268043 0 
1.925 0.0996333000276452 -0.000432502709618525 0 
1.93 0.0996311373503185 -0.000432568221013216 0 
1.935 0.09962897463563 -0.000432517654405412 0 
1.94 0.0996268119497802 -0.000432556685505847 0 
1.945 0.0996246492416706 -0.000432526558375154 0 
1.95 0.0996224865507427 -0.000432549812754202 0 
1.955 0.0996203238465526 -0.000432531863280336 0 
1.96 0.0996181611525994 -0.000432545718030503 0 
1.965 0.0996159984507446 -0.000432535023895189 0 
1.97 0.0996138357549887 -0.000432543278430918 0 
1.975 0.0996116730545253 -0.000432536906961122 0 
1.98 0.0996095103576955 -0.000432541824939396 0 
1.985 0.0996073475764859 -0.000432553356999897 0 
1.99 0.0996051849518482 -0.000432513799440717 0 
1.995 0.0996030221866221 -0.000432574989181686 0 
2 0.0996008595496476 -0.000432497102100395 0 
2.005 0.099598696875519 -0.000432572549316244 0 
2.01 0.0995965340767866 -0.000432529641621555 0 
2.015 0.0995943713841003 -0.000432547432873347 0 
2.02 0.0995922087628411 -0.000432518372125892 0 
2.025 0.099590046076582 -0.000432556131515313 0 
2.03 0.099587883287213 -0.000432542314111647 0 
2.035 0.0995857205872995 -0.000432537651295056 0 
2.04 0.0995835579716188 -0.000432525922281636 0 
2.045 0.0995813952810537 -0.000432550303738843 0 
2.05 0.0995792325765836 -0.000432531484301557 0 
2.055 0.0995770698012715 -0.00043256133867977 0 
2.06 0.0995749071720818 -0.000432507638581561 0 
2.065 0.0995727444919442 -0.000432564416469841 0 
2.07 0.0995705817794254 -0.000432520591037322 0 
2.075 0.099568419010326 -0.000432569746918098 0 
2.08 0.0995662563763411 -0.000432501148472597 0 
2.085 0.0995640936999048 -0.000432569426022697 0 
2.09 0.0995619309845291 -0.000432516724288713 0 
2.095 0.0995597682176349 -0.000432572731564676 0 
2.1 0.0995576055819479 -0.00043249884469853 0 
2.105 0.0995554429068255 -0.000432571204248305 0 
2.11 0.0995532801904356 -0.000432515351720827 0 
2.115 0.0995511174243243 -0.000432573791015516 0 
2.12 0.0995489547064591 -0.00043251335505988 0 
2.125 0.0995467921046345 -0.000432544675938167 0 
2.13 0.099544629403374 -0.000432535828260215 0 
2.135 0.0995424666255844 -0.000432557985686671 0 
2.14 0.0995403039167332 -0.000432525554798086 0 
2.145 0.0995381413079511 -0.000432535259265239 0 
2.15 0.0995359786120611 -0.000432543096754633 0 
2.155 0.0995338158301261 -0.000432552375317544 0 
2.16 0.0995316531244746 -0.00043252988530175 0 
2.165 0.0995294905132228 -0.000432531916657715 0 
2.17 0.099527327819239 -0.000432545676829814 0 
2.175 0.0995251650358326 -0.000432550383822013 0 
2.18 0.0995230023313168 -0.000432531422487371 0 
2.185 0.0995208397191883 -0.000432530730142572 0 
2.19 0.0995186770258813 -0.000432546592671182 0 
2.195 0.0995165143235277 -0.000432534348781918 0 
2.2 0.0995143515465819 -0.000432559127658987 0 
2.205 0.0995121889186532 -0.000432509345213231 0 
2.21 0.0995100262375422 -0.000432563099163522 0 
2.215 0.0995078635257747 -0.000432521607833136 0 
2.22 0.0995057007560954 -0.000432568962078828 0 
2.225 0.0995035380409842 -0.000432517082395389 0 
2.23 0.0995013754370339 -0.000432541798901065 0 
2.235 0.0994992127374142 -0.000432538048973224 0 
2.24 0.0994970499583581 -0.000432556271573813 0 
2.245 0.0994948872504845 -0.000432526877878946 0 
2.25 0.0994927246409479 -0.000432534238012192 0 
2.255 0.0994905619456402 -0.000432543885034331 0 
2.26 0.0994883991632557 -0.000432551766864152 0 
2.265 0.0994862364579512 -0.000432530354951714 0 
2.27 0.0994840738464315 -0.000432531554146659 0 
2.275 0.0994819111526545 -0.000432545956643035 0 
2.28 0.0994797483690885 -0.000432550167841182 0 
2.285 0.0994775856646959 -0.000432531589197573 0 
2.29 0.0994754230524724 -0.00043253060146313 0 
2.295 0.0994732603592388 -0.000432546691995626 0 
2.3 0.0994710975752534 -0.000432549600240903 0 
2.305 0.0994689348711845 -0.000432532027314039 0 
2.31 0.0994667722587111 -0.000432530263291986 0 
2.315 0.0994646095656703 -0.000432546953021487 0 
2.32 0.0994624468631111 -0.000432534070636523 0 
2.325 0.099460284086324 -0.000432559342352458 0 
2.33 0.0994581214582728 -0.000432509179496707 0 
2.335 0.0994559587772564 -0.000432563227075959 0 
2.34 0.0994537960654159 -0.000432521509100725 0 
2.345 0.0994516332957929 -0.000432569038287901 0 
2.35 0.0994494705806383 -0.000432517023571506 0 
2.355 0.0994473079767215 -0.000432541844305752 0 
2.36 0.099445145277076 -0.000432538013926481 0 
2.365 0.0994429824980399 -0.000432556298625521 0 
2.37 0.0994408197901508 -0.000432526856998412 0 
2.375 0.0994386571806261 -0.000432534254129355 0 
2.38 0.0994364944853092 -0.000432543872593887 0 
2.385 0.0994343317029318 -0.000432551776466616 0 
2.39 0.0994321689976218 -0.00043253034753981 0 
2.395 0.0994300063861064 -0.000432531559867722 0 
2.4 0.0994278436923261 -0.000432545952227088 0 
2.405 0.0994256809087626 -0.00043255017124974 0 
2.41 0.0994235182043681 -0.000432531586566587 0 
2.415 0.0994213555921461 -0.000432530603493922 0 
2.42 0.0994191928989112 -0.000432546690428109 0 
2.425 0.0994170301149267 -0.000432549601450831 0 
2.43 0.0994148674108572 -0.000432532026380127 0 
2.435 0.0994127047983843 -0.000432530264012854 0 
2.44 0.0994105421053431 -0.000432546952465057 0 
2.445 0.0994083794027843 -0.000432534071066019 0 
2.45 0.0994062166259969 -0.000432559342020938 0 
2.455 0.0994040539979459 -0.000432509179752592 0 
2.46 0.0994018913169293 -0.00043256322687845 0 
2.465 0.099399728605089 -0.00043252150925318 0 
2.47 0.0993975658354659 -0.000432569038170225 0 
2.475 0.0993954031203113 -0.000432517023662343 0 
2.48 0.0993932405163945 -0.000432541844235641 0 
2.485 0.0993910778167489 -0.000432538013980598 0 
2.49 0.0993889150377128 -0.000432556298583756 0 
2.495 0.0993867523298238 -0.000432526857030643 0 
2.5 0.099384589720299 -0.000432534254104479 0 
2.505 0.0993824270249822 -0.000432543872613086 0 
2.51 0.0993802642426047 -0.000432551776451802 0 
2.515 0.0993781015372947 -0.000432530347551245 0 
2.52 0.0993759389257793 -0.000432531559858895 0 
2.525 0.0993737762319991 -0.000432545952233902 0 
2.53 0.0993716134484356 -0.000432550171244481 0 
2.535 0.099369450744041 -0.000432531586570646 0 
2.54 0.099367288131819 -0.000432530603490786 0 
2.545 0.0993651254385842 -0.000432546690430538 0 
2.55 0.0993629626545997 -0.000432549601448957 0 
2.555 0.0993607999505301 -0.00043253202638157 0 
2.56 0.0993586373380572 -0.00043253026401173 0 
2.565 0.099356474645016 -0.000432546952465931 0 
2.57 0.0993543119424572 -0.000432534071065346 0 
2.575 0.0993521491656698 -0.000432559342021459 0 
2.58 0.0993499864560451 -0.000432524507877168 0 
2.585 0.09934782384786 -0.000432536067357318 0 
2.59 0.0993456611515091 -0.00043254247300855 0 
2.595 0.0993434983699299 -0.000432552856771559 0 
2.6 0.0993413356640038 -0.000432529513679433 0 
2.605 0.0993391730529639 -0.000432532203503692 0 
2.61 0.0993370103588166 -0.000432545455420576 0 
2.615 0.0993348475755364 -0.000432550554722272 0 
2.62 0.0993326848709232 -0.000432531290573732 0 
2.625 0.0993305222588699 -0.000432530831963408 0 
2.63 0.0993283595655048 -0.000432546514078237 0 
2.635 0.0993261967816209 -0.000432549737570884 0 
2.64 0.0993240340774737 -0.000432531921312457 0 
2.645 0.0993218714650607 -0.000432530345111953 0 
2.65 0.0993197087719733 -0.0004325468898667 0 
2.655 0.099317545987875 -0.000432549447509166 0 
2.66 0.0993153832838932 -0.000432532145203841 0 
2.665 0.0993132206713526 -0.000432530172295789 0 
2.67 0.0993110579783637 -0.000432547023259171 0 
2.675 0.0993088951941894 -0.000432549344546784 0 
2.68 0.0993067324902663 -0.000432532224678005 0 
2.685 0.0993045698776804 -0.000432530110951679 0 
2.69 0.0993024071847264 -0.000432547070609156 0 
2.695 0.0993002444821002 -0.000432533979873542 0 
2.7 0.0992980817053648 -0.00043255941241014 0 
2.705 0.0992959189957 -0.000432524453545906 0 
2.71 0.0992937563875459 -0.000432536109294265 0 
2.715 0.0992915936911711 -0.000432542440638471 0 
2.72 0.0992894309096103 -0.000432552881757212 0 
2.725 0.0992872682036699 -0.000432529494393638 0 
2.73 0.0992851055926411 -0.000432532218389924 0 
2.735 0.0992829428984853 -0.00043254544393026 0 
2.74 0.0992807801152116 -0.000432550563591358 0 
2.745 0.0992786174105934 -0.000432531283727902 0 
2.75 0.099276454798544 -0.000432530837247543 0 
2.755 0.0992742921051759 -0.000432546509999528 0 
2.76 0.0992721293212943 -0.000432549740719143 0 
2.765 0.0992699666171453 -0.000432531918882394 0 
2.77 0.0992678040047337 -0.000432530346987661 0 
2.775 0.0992656413116452 -0.000432546888418879 0 
2.78 0.0992634785275478 -0.00043254944862671 0 
2.785 0.0992613158235654 -0.000432532144341247 0 
2.79 0.0992591532110252 -0.000432530172961611 0 
2.795 0.0992569905180359 -0.000432547022745235 0 
2.8 0.0992548277338619 -0.000432549344943481 0 
2.805 0.0992526650299386 -0.000432532224371805 0 
2.81 0.0992505024173528 -0.000432530111188018 0 
2.815 0.0992483397243988 -0.000432547070426725 0 
2.82 0.0992461770217727 -0.00043253398001436 0 
2.825 0.0992440142450372 -0.000432559412301449 0 
2.83 0.0992418515353724 -0.000432524453629797 0 
2.835 0.0992396889272183 -0.000432536109229512 0 
2.84 0.0992375262308435 -0.000432542440688452 0 
2.845 0.0992353634492827 -0.000432552881718624 0 
2.85 0.0992332007433424 -0.000432529494423427 0 
2.855 0.0992310381323135 -0.000432532218366921 0 
2.86 0.0992288754381577 -0.00043254544394801 0 
2.865 0.0992267126548841 -0.000432550563577654 0 
2.87 0.0992245499502658 -0.000432531283738484 0 
2.875 0.0992223873382164 -0.000432530837239369 0 
2.88 0.0992202246448483 -0.000432546510005849 0 
2.885 0.0992180618609667 -0.000432549740714265 0 
2.89 0.0992158991568177 -0.000432531918886161 0 
2.895 0.0992137365444061 -0.000432530346984754 0 
2.9 0.0992115738513176 -0.000432546888421127 0 
2.905 0.0992094110672202 -0.000432549448624968 0 
2.91 0.0992072483632378 -0.000432532144342586 0 
2.915 0.0992050857506976 -0.000432530172960577 0 
2.92 0.0992029230577084 -0.000432547022746033 0 
2.925 0.0992007602735343 -0.000432549344942863 0 
2.93 0.099198597569611 -0.000432532224372277 0 
2.935 0.0991964349570252 -0.000432530111187657 0 
2.94 0.0991942722640712 -0.00043254707042701 0 
2.945 0.0991921095614451 -0.000432533980014138 0 
2.95 0.0991899467847096 -0.000432559412301615 0 
2.955 0.0991877840750448 -0.000432524453629672 0 
2.96 0.0991856214668907 -0.000432536109229602 0 
2.965 0.0991834587705159 -0.00043254244068839 0 
2.97 0.0991812959889551 -0.000432552881718673 0 
2.975 0.0991791332830148 -0.000432529494423385 0 
2.98 0.0991769706719859 -0.000432532218366963 0 
2.985 0.0991748079778301 -0.000432545443947982 0 
2.99 0.0991726451945565 -0.000432550563577681 0 
2.995 0.0991704824899382 -0.000432531283738456 0 
3 0.0991683198778888 -0.000432530837239389 0 
3.005 0.0991661571845207 -0.000432546510005828 0 
3.01 0.0991639944006391 -0.000432549740714279 0 
3.015 0.0991618316964901 -0.000432531918886148 0 
3.02 0.0991596690840785 -0.000432530346984768 0 
3.025 0.09915750639099 -0.000432546888421113 0 
3.03 0.0991553436068926 -0.000432549448624912 0 
3.035 0.0991531809029102 -0.000432532144342697 0 
3.04 0.09915101829037 -0.000432530172960494 0 
3.045 0.0991488555973808 -0.000432547022746102 0 
3.05 0.0991466928132067 -0.000432549344942808 0 
3.055 0.0991445301092834 -0.000432532224372319 0 
3.06 0.0991423674151242 -0.0004325454393126 0 
3.065 0.0991402047950019 -0.000432519910905593 0 
3.07 0.0991380420262904 -0.000432570271894701 0 
3.075 0.0991358793104322 -0.000432516071381332 0 
3.08 0.0991337166254853 -0.000432557907402514 0 
3.085 0.0991315539982525 -0.000432510287098696 0 
3.09 0.0991293913166043 -0.00043256237214568 0 
3.095 0.0991272285236762 -0.000432537497125081 0 
3.1 0.0991250658265098 -0.000432541369406562 0 
3.105 0.0991229032087086 -0.000432523052364318 0 
3.11 0.0991207405197803 -0.000432552518956276 0 
3.115 0.0991185777324717 -0.000432545102555651 0 
3.12 0.0991164150309679 -0.000432535498964839 0 
3.125 0.0991142524165146 -0.000432527583611515 0 
3.13 0.099112089725002 -0.000432549021399845 0 
3.135 0.0991099269396881 -0.000432547802232022 0 
3.14 0.0991077642366446 -0.000432533415152134 0 
3.145 0.0991056016233798 -0.00043252919205445 0 
3.15 0.0991034389309499 -0.000432547779882955 0 
3.155 0.0991012761463441 -0.000432548760527805 0 
3.16 0.0990991134427541 -0.00043253267546766 0 
3.165 0.099096950829911 -0.000432529762998408 0 
3.17 0.0990947881371556 -0.000432547339185588 0 
3.175 0.0990926253528011 -0.000432549100691078 0 
3.18 0.0990904626490171 -0.00043253241290412 0 
3.185 0.0990882999547504 -0.000432545293789617 0 
3.19 0.0990861373347111 -0.000432520023231145 0 
3.195 0.0990839745659355 -0.000432570185193416 0 
3.2 0.0990818118501268 -0.000432516138303883 0 
3.205 0.0990796491651416 -0.000432557855746675 0 
3.21 0.0990774865379383 -0.000432510326970545 0 
3.215 0.0990753238562674 -0.000432562341369597 0 
3.22 0.0990731610633568 -0.00043253752088037 0 
3.225 0.0990709983661769 -0.000432541351070452 0 
3.23 0.0990688357483862 -0.000432523066517504 0 
3.235 0.0990666730594498 -0.000432552508031786 0 
3.24 0.0990645102721473 -0.000432545110987996 0 
3.245 0.0990623475706387 -0.000432535492456122 0 
3.25 0.0990601849561892 -0.000432527588635434 0 
3.255 0.0990580222646738 -0.000432549017522002 0 
3.26 0.099055859479362 -0.000432547805225232 0 
3.265 0.0990536967763169 -0.000432533412841767 0 
3.27 0.0990515341630533 -0.000432529193837773 0 
3.275 0.0990493714706224 -0.000432547778506452 0 
3.28 0.0990472086860174 -0.000432548761590296 0 
3.285 0.0990450459824268 -0.000432532674647546 0 
3.29 0.0990428833695842 -0.000432529763631437 0 
3.295 0.0990407206768284 -0.000432547338696965 0 
3.3 0.0990385578924741 -0.000432549101068241 0 
3.305 0.09903639518869 -0.000432532412612999 0 
3.31 0.0990342324944234 -0.000432545294014319 0 
3.315 0.099032069874384 -0.000432520023057707 0 
3.32 0.0990299071056085 -0.000432570185327288 0 
3.325 0.0990277443897997 -0.000432516138200549 0 
3.33 0.0990255817048146 -0.000432557855826431 0 
3.335 0.0990234190776112 -0.000432510326908983 0 
3.34 0.0990212563959404 -0.000432562341417114 0 
3.345 0.0990190936030297 -0.000432537520843691 0 
3.35 0.0990169309058499 -0.000432541351098763 0 
3.355 0.0990147682880591 -0.000432523066495653 0 
3.36 0.0990126055991227 -0.000432552508048654 0 
3.365 0.0990104428933955 -0.000432529782849932 0 
3.37 0.0990082802006287 -0.000432547323862685 0 
3.375 0.0990061174978581 -0.000432533784393542 0 
3.38 0.0990039548028092 -0.000432544235171216 0 
3.385 0.0990017920202249 -0.000432551496602242 0 
3.39 0.0989996293966482 -0.000432515235435083 0 
3.395 0.098997466712178 -0.000432558552648593 0 
3.4 0.0989953040030034 -0.00043252511717435 0 
3.405 0.0989931412313226 -0.00043256625330601 0 
3.41 0.0989909785993302 -0.000432503845104432 0 
3.415 0.098988815921356 -0.00043256734456007 0 
3.42 0.0989866532071673 -0.000432518330917682 0 
3.425 0.0989844904393569 -0.000432571491447868 0 
3.43 0.0989823278043771 -0.000432499801913691 0 
3.435 0.0989801651287088 -0.000432570465397922 0 
3.44 0.0989780024127402 -0.000432515922020961 0 
3.445 0.0989758396463037 -0.000432573350815035 0 
3.45 0.0989736770102635 -0.000432498366714655 0 
3.455 0.0989715143354137 -0.000432571573192118 0 
3.46 0.0989693516188133 -0.000432515066942384 0 
3.465 0.0989671889344392 -0.000432558682703831 0 
3.47 0.0989650262251905 -0.000432525016787956 0 
3.475 0.0989628635351418 -0.00043255100266678 0 
3.48 0.0989607008302731 -0.000432530944816635 0 
3.485 0.0989585381368437 -0.000432546426969639 0 
3.49 0.0989563754345845 -0.000432534476682796 0 
3.495 0.0989542127391408 -0.000432543700810452 0 
3.5 0.0989520500384364 -0.000432536580936983 0 
3.505 0.0989498873417926 -0.00043254207658925 0 
3.51 0.0989477245604395 -0.000432553162757629 0 
3.515 0.0989455619359125 -0.000432513949371459 0 
3.52 0.0989433992521758 -0.000432559545328955 0 
3.525 0.0989412365424351 -0.000432524350949197 0 
3.53 0.0989390737711913 -0.00043256684473604 0 
3.535 0.0989369111388615 -0.00043250338859438 0 
3.54 0.0989347484611477 -0.000432567696928766 0 
3.545 0.098932585746758 -0.000432518058933094 0 
3.55 0.0989304229791027 -0.00043257170138597 0 
3.555 0.0989282603440032 -0.00043249963986771 0 
3.56 0.0989260976684273 -0.000432570590477167 0 
3.565 0.0989239349523874 -0.000432515825475419 0 
3.57 0.0989217721860059 -0.000432573425336119 0 
3.575 0.0989196095499232 -0.000432498309193695 0 
3.58 0.0989174468751062 -0.000432571617591103 0 
3.585 0.0989152841584806 -0.000432515032671922 0 
3.59 0.098913121474126 -0.000432558709156344 0 
3.595 0.0989109587648622 -0.000432524996369935 0 
3.6 0.0989087960748252 -0.000432551018426937 0 
3.605 0.0989066333699475 -0.000432530932651755 0 
3.61 0.098904470676525 -0.00043254643635942 0 
3.615 0.0989023078926854 -0.000432549797560106 0 
3.62 0.0989001452700776 -0.000432516546883234 0 
3.625 0.0988979825848594 -0.000432557540374558 0 
3.63 0.0988958198762622 -0.000432525898523377 0 
3.635 0.0988936571041358 -0.000432565650202228 0 
3.64 0.0988914944724873 -0.000432504310625165 0 
3.645 0.0988893317942476 -0.000432566985236249 0 
3.65 0.0988871690802638 -0.00043251860827076 0 
3.655 0.0988850063122952 -0.000432571277365963 0 
3.66 0.0988828436774375 -0.000432499967158162 0 
3.665 0.0988806810016749 -0.000432570337849845 0 
3.67 0.0988785182857792 -0.000432516020472125 0 
3.675 0.0988763555192864 -0.000432573274823031 0 
3.68 0.0988741928832896 -0.000432498425370985 0 
3.685 0.0988720302084063 -0.000432571527916821 0 
3.69 0.0988698674918318 -0.000432515101889193 0 
3.695 0.098867704725863 -0.00043257398385424 0 
3.7 0.0988655420894618 -0.000432497878087516 0 
3.705 0.0988633794148906 -0.000432571950351179 0 
3.71 0.0988612166980752 -0.000432514775822734 0 
3.715 0.0988590540138671 -0.000432558907411812 0 
3.72 0.0988568913044903 -0.00043252484334149 0 
3.725 0.0988547286145405 -0.000432551136545771 0 
3.73 0.0988525659095955 -0.000432530841478783 0 
3.735 0.0988504032162249 -0.000432546506733557 0 
3.74 0.0988482404323452 -0.000432549743240057 0 
3.745 0.0988460778097684 -0.000432516588811521 0 
3.75 0.0988439151245263 -0.000432557508011161 0 
3.755 0.0988417524159475 -0.000432525923503867 0 
3.76 0.0988395896438069 -0.000432565630920416 0 
3.765 0.0988374270121693 -0.000432504325508308 0 
3.77 0.0988352643339212 -0.000432566973748327 0 
3.775 0.098833101619944 -0.000432518617138 0 
3.78 0.0988309388519703 -0.000432571270521563 0 
3.785 0.0988287762171165 -0.000432499972441172 0 
3.79 0.0988266135413509 -0.000432570333772017 0 
3.795 0.0988244508254575 -0.000432516023619711 0 
3.8 0.0988222880589629 -0.000432573272393495 0 
3.805 0.0988201254229675 -0.000432498427246276 0 
3.81 0.0988179627480831 -0.000432571526469264 0 
3.815 0.0988158000315095 -0.000432515103006591 0 
3.82 0.09881363726554 -0.000432573982991749 0 
3.825 0.0988114746291393 -0.000432497878753262 0 
3.83 0.0988093119545677 -0.000432571949837306 0 
3.835 0.0988071492377526 -0.000432514776219382 0 
3.84 0.0988049865535443 -0.000432558907105647 0 
3.845 0.0988028238441676 -0.000432524843577815 0 
3.85 0.0988006611542177 -0.000432551136363361 0 
3.855 0.0987984984492728 -0.00043253084161958 0 
3.86 0.0987963357559022 -0.000432546506624873 0 
3.865 0.0987941729720225 -0.000432549743323886 0 
3.87 0.0987920103494457 -0.000432516588746885 0 
3.875 0.0987898476642036 -0.000432557508061045 0 
3.88 0.0987876849556248 -0.000432525923465363 0 
3.885 0.0987855221834842 -0.000432565630950135 0 
3.89 0.0987833595518466 -0.000432504325485368 0 
3.895 0.0987811968735984 -0.000432566973766028 0 
3.9 0.0987790341596212 -0.000432518617124331 0 
3.905 0.0987768713916476 -0.00043257127053211 0 
3.91 0.0987747087567938 -0.000432499972433033 0 
3.915 0.0987725460810282 -0.000432570333778304 0 
3.92 0.0987703833651347 -0.000432516023614854 0 
3.925 0.0987682205986402 -0.000432573272397242 0 
3.93 0.0987660579626447 -0.000432498427243383 0 
3.935 0.0987638952877604 -0.000432571526471498 0 
3.94 0.0987617325711868 -0.000432515103004863 0 
3.945 0.0987595698052173 -0.000432573982993081 0 
3.95 0.0987574071688165 -0.000432497878752221 0 
3.955 0.098755244494245 -0.000432571949838111 0 
3.96 0.0987530817774299 -0.000432514776218758 0 
3.965 0.0987509190116468 -0.000432574235231103 0 
3.97 0.0987487562935283 -0.000432513012181043 0 
3.975 0.0987465936918993 -0.000432544940597697 0 
3.98 0.0987444309904878 -0.000432535623976202 0 
3.985 0.0987422682943898 -0.000432542815243353 0 
3.99 0.0987401055126154 -0.000432552592608992 0 
3.995 0.0987379428884136 -0.000432514389454942 0 
4 0.0987357802044258 -0.000432559205639525 0 
4.005 0.0987336174948789 -0.000432524613146974 0 
4.01 0.0987314548050604 -0.000432551314227168 0 
4.015 0.098729292100014 -0.000432530704330879 0 
4.02 0.0987271293251468 -0.000432561940719625 0 
4.025 0.09872496661404 -0.000432522502007024 0 
4.03 0.0987228039254255 -0.000432552943763306 0 
4.035 0.0987206413010235 -0.000432514118407772 0 
4.04 0.0987184786171903 -0.00043255941485399 0 
4.045 0.098716315907524 -0.000432524451659554 0 
4.05 0.0987141532177977 -0.000432551438875266 0 
4.055 0.0987119905126802 -0.000432530608118133 0 
4.06 0.0987098277378678 -0.000432562014983845 0 
4.065 0.0987076650267186 -0.000432522444684336 0 
4.07 0.0987055023381369 -0.00043255298800926 0 
4.075 0.0987033397137096 -0.000432514084255438 0 
4.08 0.0987011770298959 -0.00043255944121532 0 
4.085 0.0986990143202146 -0.000432524431311913 0 
4.09 0.0986968516304999 -0.000432551454581105 0 
4.095 0.0986946889253734 -0.000432530595995191 0 
4.1 0.0986925262321429 -0.000432546696216195 0 
4.105 0.0986903634481551 -0.000432549596983148 0 
4.11 0.098688200744088 -0.000432532029828611 0 
4.115 0.0986860380500398 -0.000432545589476023 0 
4.12 0.0986838754298319 -0.000432519794998268 0 
4.125 0.0986817127427613 -0.000432555033235693 0 
4.13 0.0986795500355939 -0.000432527833721184 0 
4.135 0.0986773873439387 -0.000432548828346445 0 
4.14 0.0986752246403101 -0.000432532623120076 0 
4.145 0.0986730618643485 -0.000432560459654223 0 
4.15 0.0986708991540863 -0.000432523645204373 0 
4.155 0.0986687364648199 -0.000432552061357859 0 
4.16 0.0986665738409211 -0.000432514799514477 0 
4.165 0.0986644111566995 -0.000432558889124746 0 
4.17 0.098662248447333 -0.000432524857456817 0 
4.175 0.0986600857573752 -0.0004325511256505 0 
4.18 0.0986579230524364 -0.0004325308498885 0 
4.185 0.0986557602774861 -0.000432561828367345 0 
4.19 0.0986535975664434 -0.000432522588728931 0 
4.195 0.0986514348777795 -0.000432552876824838 0 
4.2 0.0986492722534156 -0.000432514170075907 0 
4.205 0.098647109569553 -0.000432559374972642 0 
4.21 0.0986449468599094 -0.000432524482442971 0 
4.215 0.0986427841701655 -0.000432551415114314 0 
4.22 0.0986406214650616 -0.000432530626458615 0 
4.225 0.0986384587718137 -0.00043254667270224 0 
4.23 0.0986362959878393 -0.000432549615132991 0 
4.235 0.0986341332837619 -0.000432532015819206 0 
4.24 0.0986319705897217 -0.000432545600289533 0 
4.245 0.0986298079695076 -0.00043251978665159 0 
4.25 0.0986276452824417 -0.000432555039678297 0 
4.255 0.0986254825752707 -0.000432527828748301 0 
4.26 0.0986233198836183 -0.000432548832184888 0 
4.265 0.0986211571799875 -0.000432532620157265 0 
4.27 0.0986189944040276 -0.000432560461941137 0 
4.275 0.0986168316937641 -0.000432523643439167 0 
4.28 0.0986146690044987 -0.000432552062720373 0 
4.285 0.0986125063805991 -0.000432514798462784 0 
4.29 0.0986103436963781 -0.00043255888993652 0 
4.295 0.0986081809870112 -0.000432524856830228 0 
4.3 0.0986060182970538 -0.000432551126134148 0 
4.305 0.0986038555921147 -0.000432530849515181 0 
4.31 0.0986016928171646 -0.000432561828655496 0 
4.315 0.0985995301061217 -0.000432522588506519 0 
4.32 0.0985973674174579 -0.000432552876996513 0 
4.325 0.0985952047115203 -0.000432529498068303 0 
4.33 0.0985930421004893 -0.000432532215553602 0 
4.335 0.0985908794063351 -0.00043254544611955 0 
4.34 0.0985887167046354 -0.000432535233776454 0 
4.345 0.0985865540087598 -0.000432543116428784 0 
4.35 0.0985843912268137 -0.000432552360131552 0 
4.355 0.0985822285211708 -0.000432529897023443 0 
4.36 0.0985800658283389 -0.00043254723573502 0 
4.365 0.0985779031256185 -0.000432533852417011 0 
4.37 0.0985757405121043 -0.000432528854540697 0 
4.375 0.0985735778198669 -0.000432548040401375 0 
4.38 0.0985714151166876 -0.000432533231315167 0 
4.385 0.0985692524219541 -0.000432544662078586 0 
4.39 0.0985670897207016 -0.000432535838958074 0 
4.395 0.0985649269429059 -0.000432557977429263 0 
4.4 0.0985627642340594 -0.000432525561171772 0 
4.405 0.0985606015437003 -0.000432550582470527 0 
4.41 0.0985584389206449 -0.000432515941030637 0 
4.415 0.0985562762357722 -0.000432558008016962 0 
4.42 0.0985541135269083 -0.000432525537561887 0 
4.425 0.0985519508365626 -0.000432550600694401 0 
4.43 0.0985497881319232 -0.000432531255088991 0 
4.435 0.0985476253567418 -0.000432561515603211 0 
4.44 0.0985454626458775 -0.00043252283014375 0 
4.445 0.0985432999570759 -0.000432552690482778 0 
4.45 0.0985411372512446 -0.000432529642033587 0 
4.455 0.0985389746401315 -0.000432532104430408 0 
4.46 0.0985368119460407 -0.000432545531892758 0 
4.465 0.098534649244292 -0.000432535167570261 0 
4.47 0.0985324865484543 -0.00043254316753169 0 
4.475 0.098530323766479 -0.000432552320686501 0 
4.48 0.0985281610608586 -0.000432529927470095 0 
4.485 0.0985259983680093 -0.000432547212234007 0 
4.49 0.0985238356653023 -0.000432533870556855 0 
4.495 0.0985216730517777 -0.000432528840539001 0 
4.5 0.0985195103595484 -0.000432548051208945 0 
4.505 0.0985173476563629 -0.000432533222973076 0 
4.51 0.0985151849616342 -0.000432544668517637 0 
4.515 0.0985130222603779 -0.000432535833987932 0 
4.52 0.0985108594825851 -0.00043255798126559 0 
4.525 0.0985086967737364 -0.000432525558210613 0 
4.53 0.098506534083379 -0.000432550584756171 0 
4.535 0.0985043714603223 -0.000432515939266409 0 
4.54 0.0985022087754506 -0.00043255800937872 0 
4.545 0.0985000460665859 -0.000432525536510783 0 
4.55 0.0984978833762409 -0.000432550601505724 0 
4.555 0.098495720671601 -0.000432531254462749 0 
4.56 0.0984935578964199 -0.000432561516086588 0 
4.565 0.0984913951855553 -0.000432522829770646 0 
4.57 0.0984892324967539 -0.00043255269077077 0 
4.575 0.0984870697909225 -0.000432529641811293 0 
4.58 0.0984849071798095 -0.000432532104601979 0 
4.585 0.0984827444857186 -0.00043254553176033 0 
4.59 0.0984805817839701 -0.000432535167672478 0 
4.595 0.0984784190881322 -0.000432543167452788 0 
4.6 0.098476256306157 -0.000432552320747404 0 
4.605 0.0984740936005365 -0.000432529927423084 0 
4.61 0.0984719309076873 -0.00043254721227029 0 
4.615 0.0984697682049803 -0.000432533870528856 0 
4.62 0.0984676055914557 -0.000432528840560616 0 
4.625 0.0984654428992263 -0.000432548051192257 0 
4.63 0.0984632801960409 -0.000432533222985955 0 
4.635 0.0984611175013121 -0.000432544668507694 0 
4.64 0.0984589548000559 -0.000432535833995613 0 
4.645 0.0984567920222631 -0.000432557981259664 0 
4.65 0.0984546293134144 -0.000432525558215179 0 
4.655 0.0984524666230569 -0.000432550584752646 0 
4.66 0.0984503040000002 -0.000432515939269129 0 
4.665 0.0984481413151286 -0.000432558009376624 0 
4.67 0.0984459786062639 -0.0004325255365124 0 
4.675 0.0984438159159188 -0.000432550601504475 0 
4.68 0.0984416532112789 -0.000432531254463714 0 
4.685 0.0984394904360979 -0.000432561516085846 0 
4.69 0.0984373277252333 -0.000432522829771222 0 
4.695 0.0984351650364319 -0.000432552690770319 0 
4.7 0.0984330023306005 -0.000432529641811639 0 
4.705 0.0984308397194875 -0.000432532104601716 0 
4.71 0.0984286770253966 -0.000432545531760531 0 
4.715 0.098426514323648 -0.000432535167672325 0 
4.72 0.0984243516278102 -0.000432543167452913 0 
4.725 0.0984221888458349 -0.000432552320747313 0 
4.73 0.0984200261402145 -0.000432529927423146 0 
4.735 0.0984178634473653 -0.000432547212270241 0 
4.74 0.0984157007446583 -0.000432533870528891 0 
4.745 0.0984135381311337 -0.000432528840560595 0 
4.75 0.0984113754389043 -0.000432548051192271 0 
4.755 0.0984092127357189 -0.000432533222985955 0 
4.76 0.0984070500409901 -0.000432544668507694 0 
4.765 0.0984048873397339 -0.000432535833995613 0 
4.77 0.098402724561941 -0.000432557981259664 0 
4.775 0.0984005618530923 -0.000432525558215179 0 
4.78 0.0983983991627349 -0.000432550584752646 0 
4.785 0.0983962365396782 -0.000432515939269129 0 
4.79 0.0983940738548066 -0.000432558009376624 0 
4.795 0.0983919111459419 -0.0004325255365124 0 
4.8 0.0983897484555968 -0.000432550601504475 0 
4.805 0.0983875857509569 -0.000432531254463714 0 
4.81 0.0983854229757758 -0.000432561516085846 0 
4.815 0.0983832602649112 -0.000432522829771222 0 
4.82 0.0983810975761099 -0.000432552690770319 0 
4.825 0.0983789348702784 -0.000432529641811639 0 
4.83 0.0983767722591655 -0.000432532104601716 0 
4.835 0.0983746095650746 -0.000432545531760531 0 
4.84 0.098372446863326 -0.000432535167672325 0 
4.845 0.0983702841674882 -0.000432543167452913 0 
4.85 0.0983681213855129 -0.000432552320747313 0 
4.855 0.0983659586798925 -0.000432529927423146 0 
4.86 0.0983637959870432 -0.000432547212270241 0 
4.865 0.0983616332843363 -0.000432533870528891 0 
4.87 0.0983594706708117 -0.000432528840560595 0 
4.875 0.0983573079785823 -0.000432548051192271 0 
4.88 0.0983551452753968 -0.000432533222985955 0 
4.885 0.0983529825806681 -0.000432544668507694 0 
4.89 0.0983508198794118 -0.000432535833995613 0 
4.895 0.098348657101619 -0.000432557981259664 0 
4.9 0.0983464943927703 -0.000432525558215179 0 
4.905 0.0983443317024129 -0.000432550584752646 0 
4.91 0.0983421690793562 -0.000432515939269129 0 
4.915 0.0983400063944845 -0.000432558009376624 0 
4.92 0.0983378436856198 -0.0004325255365124 0 
4.925 0.0983356809952748 -0.000432550601504475 0 
4.93 0.0983335182906349 -0.000432531254463714 0 
4.935 0.0983313555154538 -0.000432561516085846 0 
4.94 0.0983291928045892 -0.000432522829771222 0 
4.945 0.0983270301157878 -0.000432552690770319 0 
4.95 0.0983248674099564 -0.000432529641811639 0 
4.955 0.0983227047988434 -0.000432532104601716 0 
4.96 0.0983205421047525 -0.000432545531760531 0 
4.965 0.098318379403004 -0.000432535167672325 0 
4.97 0.0983162167071661 -0.000432543167452913 0 
4.975 0.0983140539251909 -0.000432552320747313 0 
4.98 0.0983118912195705 -0.000432529927423146 0 
4.985 0.0983097285267212 -0.000432547212270241 0 
4.99 0.0983075658240142 -0.000432533870528891 0 
4.995 0.0983054032104896 -0.000432528840560595 0 
5 0.0983032405182602 -0.000432548051192271 0 
5.005 0.0983010778150748 -0.000432533222985955 0 
5.01 0.0982989151203461 -0.000432544668507694 0 
5.015 0.0982967524190898 -0.000432535833995613 0 
5.02 0.098294589641297 -0.000432557981259664 0 
5.025 0.0982924269324483 -0.000432525558215179 0 
5.03 0.0982902642420908 -0.000432550584752646 0 
5.035 0.0982881016190341 -0.000432515939269129 0 
5.04 0.0982859389341625 -0.000432558009376624 0 
5.045 0.0982837762252978 -0.0004325255365124 0 
5.05 0.0982816135349527 -0.000432550601504475 0 
5.055 0.0982794508303128 -0.000432531254463714 0 
5.06 0.0982772880551318 -0.000432561516085846 0 
5.065 0.0982751253442672 -0.000432522829771222 0 
5.07 0.0982729626554658 -0.000432552690770319 0 
5.075 0.0982707999496344 -0.000432529641811639 0 
5.08 0.0982686373385214 -0.000432532104601716 0 
5.085 0.0982664746444305 -0.000432545531760531 0 
5.09 0.0982643119426819 -0.000432535167672325 0 
5.095 0.0982621492468441 -0.000432543167452913 0 
5.1 0.0982599864648688 -0.000432552320747313 0 
5.105 0.0982578237592484 -0.000432529927423146 0 
5.11 0.0982556610663992 -0.000432547212270241 0 
5.115 0.0982534983636922 -0.000432533870528891 0 
5.12 0.0982513357501676 -0.000432528840560595 0 
5.125 0.0982491730579382 -0.000432548051192271 0 
5.13 0.0982470103547528 -0.000432533222985955 0 
5.135 0.098244847660024 -0.000432544668507694 0 
5.14 0.0982426849587678 -0.000432535833995613 0 
5.145 0.0982405221809749 -0.000432557981259664 0 
5.15 0.0982383594721263 -0.000432525558215179 0 
5.155 0.0982361967817688 -0.000432550584752646 0 
5.16 0.0982340340771385 -0.000432531267394037 0 
5.165 0.0982318714650984 -0.000432530849855305 0 
5.17 0.0982297087717231 -0.000432546500267923 0 
5.175 0.0982275460694222 -0.000432534420105678 0 
5.18 0.0982253833740107 -0.000432543744480908 0 
5.185 0.0982232205917064 -0.00043255187535382 0 
5.19 0.09822105788634 -0.000432530271211255 0 
5.195 0.0982188951932947 -0.000432546946908793 0 
5.2 0.098216732490739 -0.000432534075354762 0 
5.205 0.0982145698770976 -0.000432528682460624 0 
5.21 0.0982124071849584 -0.000432548173225696 0 
5.215 0.0982102444817033 -0.0004325331287914 0 
5.22 0.0982080817870283 -0.000432544741214118 0 
5.225 0.0982059190041555 -0.000432551106000378 0 
5.23 0.0982037562992279 -0.000432530865055944 0 
5.235 0.0982015936058439 -0.000432546488534927 0 
5.24 0.0981994309035496 -0.000432534429162086 0 
5.245 0.0981972682897065 -0.000432528409365585 0 
5.25 0.098195105597723 -0.000432548384020917 0 
5.255 0.0981929428943477 -0.000432532966083837 0 
5.26 0.0981907801997655 -0.000432544866804024 0 
5.265 0.0981886174983962 -0.000432535680935632 0 
5.27 0.0981864547206906 -0.000432558099402833 0 
5.275 0.0981842920117746 -0.000432525467023423 0 
5.28 0.0981821293214691 -0.000432550655141278 0 
5.285 0.0981799666167986 -0.00043253121306281 0 
5.29 0.0981778040047896 -0.000432530891792224 0 
5.295 0.0981756413113904 -0.000432546467897865 0 
5.3 0.0981734786091079 -0.000432534445091323 0 
5.305 0.0981713159136822 -0.00043254372519512 0 
5.31 0.0981691531313888 -0.000432551890240045 0 
5.315 0.0981669904260139 -0.000432530259720947 0 
5.32 0.0981648277329752 -0.000432546955777886 0 
5.325 0.0981626650304145 -0.000432534068508926 0 
5.33 0.098160502416777 -0.000432528687744752 0 
5.335 0.0981583397246348 -0.000432548169147007 0 
5.34 0.098156177021382 -0.000432533131939639 0 
5.345 0.0981540143267052 -0.000432544738784076 0 
5.35 0.0981518515438338 -0.000432551107876072 0 
5.355 0.0981496888389051 -0.000432530863608144 0 
5.36 0.0981475261455219 -0.000432546489652449 0 
5.365 0.0981453634432271 -0.000432534428299505 0 
5.37 0.0981432008293844 -0.000432528410031392 0 
5.375 0.0981410381374005 -0.000432548383507002 0 
5.38 0.0981388754340256 -0.00043253296648052 0 
5.385 0.0981367127394431 -0.000432544866497839 0 
5.39 0.0981345500380739 -0.000432535681171964 0 
5.395 0.0981323872603683 -0.000432558099220416 0 
5.4 0.0981302245514523 -0.00043252546716422 0 
5.405 0.0981280618611468 -0.000432550655032601 0 
5.41 0.0981258991564764 -0.000432531213146695 0 
5.415 0.0981237365444673 -0.000432530891727477 0 
5.42 0.0981215738510681 -0.000432546467947846 0 
5.425 0.0981194111487856 -0.000432534445052736 0 
5.43 0.0981172484533599 -0.000432543725224901 0 
5.435 0.0981150856710665 -0.000432551890217063 0 
5.44 0.0981129229656916 -0.000432530259738689 0 
5.445 0.0981107602726528 -0.000432546955764182 0 
5.45 0.0981085975700921 -0.000432534068519508 0 
5.455 0.0981064349564546 -0.000432528687736584 0 
5.46 0.0981042722643124 -0.000432548169153307 0 
5.465 0.0981021095610597 -0.000432533131934768 0 
5.47 0.0980999468663829 -0.000432544738787836 0 
5.475 0.0980977840835114 -0.000432551107873158 0 
5.48 0.0980956213785827 -0.000432530863610392 0 
5.485 0.0980934586851996 -0.000432546489650715 0 
5.49 0.0980912959829047 -0.000432534428300838 0 
5.495 0.098089133369062 -0.000432528410030365 0 
5.5 0.0980869706770782 -0.000432548383507793 0 
5.505 0.0980848079737032 -0.000432532966479902 0 
5.51 0.0980826452791208 -0.000432544866498311 0 
5.515 0.0980804825777516 -0.000432535681171603 0 
5.52 0.0980783198000459 -0.000432558099220694 0 
5.525 0.09807615709113 -0.000432525467164012 0 
5.53 0.0980739944008245 -0.000432550655032761 0 
5.535 0.098071831696154 -0.00043253121314657 0 
5.54 0.098069669084145 -0.000432530891727567 0 
5.545 0.0980675063907458 -0.00043254646794777 0 
5.55 0.0980653436884633 -0.000432534445052798 0 
5.555 0.0980631809930376 -0.000432543725224853 0 
5.56 0.0980610182107442 -0.000432551890217098 0 
5.565 0.0980588555053693 -0.000432530259738662 0 
5.57 0.0980566928123305 -0.000432546955764203 0 
5.575 0.0980545301097698 -0.000432534068519487 0 
5.58 0.0980523674961323 -0.000432528687736591 0 
5.585 0.0980502048039901 -0.0004325481691533 0 
5.59 0.0980480421007374 -0.000432533131934774 0 
5.595 0.0980458794060605 -0.00043254473878783 0 
5.6 0.0980437166231891 -0.000432551107873165 0 
5.605 0.0980415539182604 -0.000432530863610385 0 
5.61 0.0980393912248772 -0.000432546489650722 0 
5.615 0.0980372285225824 -0.000432534428300831 0 
5.62 0.0980350659087397 -0.000432528410030372 0 
5.625 0.0980329032167558 -0.000432548383507793 0 
5.63 0.0980307405133809 -0.000432532966479902 0 
5.635 0.0980285778187984 -0.000432544866498311 0 
5.64 0.0980264151174293 -0.000432535681171603 0 
5.645 0.0980242523397236 -0.000432558099220694 0 
5.65 0.0980220896308076 -0.000432525467164012 0 
5.655 0.0980199269405021 -0.000432550655032761 0 
5.66 0.0980177642358317 -0.00043253121314657 0 
5.665 0.0980156016238226 -0.000432530891727567 0 
5.67 0.0980134389304234 -0.00043254646794777 0 
5.675 0.0980112762281409 -0.000432534445052798 0 
5.68 0.0980091135327152 -0.000432543725224853 0 
5.685 0.0980069507504218 -0.000432551890217098 0 
5.69 0.0980047880450469 -0.000432530259738662 0 
5.695 0.0980026253520082 -0.000432546955764203 0 
5.7 0.0980004626494475 -0.000432534068519487 0 
5.705 0.09799830003581 -0.000432528687736591 0 
5.71 0.0979961373436677 -0.0004325481691533 0 
5.715 0.097993974640415 -0.000432533131934774 0 
5.72 0.0979918119457382 -0.00043254473878783 0 
5.725 0.0979896491628668 -0.000432551107873165 0 
5.73 0.0979874864579381 -0.000432530863610385 0 
5.735 0.0979853237645549 -0.000432546489650722 0 
5.74 0.09798316106226 -0.000432534428300831 0 
5.745 0.0979809984484173 -0.000432528410030372 0 
5.75 0.0979788357564335 -0.000432548383507793 0 
5.755 0.0979766730530585 -0.000432532966479902 0 
5.76 0.0979745103584761 -0.000432544866498311 0 
5.765 0.0979723476571069 -0.000432535681171603 0 
5.77 0.0979701848794012 -0.000432558099220694 0 
5.775 0.0979680221704853 -0.000432525467164012 0 
5.78 0.0979658594801798 -0.000432550655032761 0 
5.785 0.0979636967755094 -0.00043253121314657 0 
5.79 0.0979615341635003 -0.000432530891727567 0 
5.795 0.0979593714701011 -0.00043254646794777 0 
5.8 0.0979572087678186 -0.000432534445052798 0 
5.805 0.0979550460723929 -0.000432543725224853 0 
5.81 0.0979528832900995 -0.000432551890217098 0 
5.815 0.0979507205847246 -0.000432530259738662 0 
5.82 0.0979485578916858 -0.000432546955764203 0 
5.825 0.0979463951891251 -0.000432534068519487 0 
5.83 0.0979442325754876 -0.000432528687736591 0 
5.835 0.0979420698833454 -0.0004325481691533 0 
5.84 0.0979399071800927 -0.000432533131934774 0 
5.845 0.0979377444854159 -0.00043254473878783 0 
5.85 0.0979355817025444 -0.000432551107873165 0 
5.855 0.0979334189976157 -0.000432530863610385 0 
5.86 0.0979312563042326 -0.000432546489650722 0 
5.865 0.0979290936019377 -0.000432534428300831 0 
5.87 0.097926930988095 -0.000432528410030372 0 
5.875 0.0979247682961111 -0.000432548383507793 0 
5.88 0.0979226055927362 -0.000432532966479902 0 
5.885 0.0979204428981537 -0.000432544866498311 0 
5.89 0.0979182801967846 -0.000432535681171603 0 
5.895 0.0979161174190789 -0.000432558099220694 0 
5.9 0.097913954710163 -0.000432525467164012 0 
5.905 0.0979117920198574 -0.000432550655032761 0 
5.91 0.097909629315187 -0.00043253121314657 0 
5.915 0.0979074667031779 -0.000432530891727567 0 
5.92 0.0979053040097787 -0.00043254646794777 0 
5.925 0.0979031413074962 -0.000432534445052798 0 
5.93 0.0979009786120705 -0.000432543725224853 0 
5.935 0.0978988158297771 -0.000432551890217098 0 
5.94 0.0978966531244023 -0.000432530259738662 0 
5.945 0.0978944904313635 -0.000432546955764203 0 
5.95 0.0978923277288028 -0.000432534068519487 0 
5.955 0.0978901651151653 -0.000432528687736591 0 
5.96 0.097888002423023 -0.0004325481691533 0 
5.965 0.0978858397197703 -0.000432533131934774 0 
5.97 0.0978836770250935 -0.00043254473878783 0 
5.975 0.0978815142422221 -0.000432551107873165 0 
5.98 0.0978793515372934 -0.000432530863610385 0 
5.985 0.0978771888439102 -0.000432546489650722 0 
5.99 0.0978750261416153 -0.000432534428300831 0 
5.995 0.0978728634461992 -0.000432543738155274 0 
6 0.0978707008270471 -0.000432521223986473 0 
6.005 0.0978685381391615 -0.000432553930235426 0 
6.01 0.0978663754326232 -0.000432528685099513 0 
6.015 0.0978642126589076 -0.000432563499313837 0 
6.02 0.0978620499469119 -0.00043252129896712 0 
6.025 0.0978598872589835 -0.000432553872359742 0 
6.03 0.0978577245524782 -0.000432528729772313 0 
6.035 0.097855561860312 -0.000432548136706984 0 
6.04 0.0978533992386514 -0.000432517828854374 0 
6.045 0.0978512365527021 -0.000432556550853017 0 
6.05 0.0978490738446692 -0.000432526662310306 0 
6.055 0.0978469111536821 -0.000432549732529215 0 
6.06 0.0978447483679626 -0.000432547253329044 0 
6.065 0.0978425856652322 -0.000432533838836624 0 
6.07 0.0978404229701523 -0.000432544193147963 0 
6.075 0.0978382602691671 -0.000432536200913901 0 
6.08 0.0978360976543135 -0.000432527041794667 0 
6.085 0.09783393496311 -0.000432549439614724 0 
6.09 0.0978317722591327 -0.000432532151297363 0 
6.095 0.0978296095650152 -0.000432545495717335 0 
6.1 0.097827446781712 -0.000432550523618215 0 
6.105 0.0978252840771165 -0.000432531314582173 0 
6.11 0.0978231213834762 -0.000432546141556862 0 
6.115 0.0978209586813798 -0.00043253469698578 0 
6.12 0.0978187959858105 -0.000432543530764086 0 
6.125 0.0978166333667766 -0.000432521384066548 0 
6.13 0.0978144706787998 -0.000432553806673619 0 
6.135 0.0978123079723319 -0.000432528780473784 0 
6.14 0.0978101451985619 -0.000432563425696829 0 
6.145 0.0978079824866082 -0.000432521355790243 0 
6.15 0.0978058197986474 -0.000432553828499389 0 
6.155 0.0978036570921671 -0.000432528763627017 0 
6.16 0.0978014943999816 -0.00043254811057538 0 
6.165 0.0977993317783359 -0.000432517849024705 0 
6.17 0.0977971690923751 -0.00043255653528404 0 
6.175 0.0977950063843511 -0.000432526674327617 0 
6.18 0.0977928436933571 -0.000432549723253357 0 
6.185 0.0977906809076429 -0.000432547260488837 0 
6.19 0.0977885182049084 -0.000432533833310163 0 
6.195 0.0977863555098316 -0.000432544197413696 0 
6.2 0.097784192808844 -0.000432536197621285 0 
6.205 0.0977820301939923 -0.000432527044336148 0 
6.21 0.0977798675027873 -0.000432549437653022 0 
6.215 0.0977777047988112 -0.000432532152811554 0 
6.22 0.0977755421046928 -0.000432545494548561 0 
6.225 0.0977733793213903 -0.000432550524520355 0 
6.23 0.0977712166167943 -0.000432531313885834 0 
6.235 0.0977690539231543 -0.000432546142094356 0 
6.24 0.0977668912210577 -0.00043253469657091 0 
6.245 0.0977647285254885 -0.000432543531084309 0 
6.25 0.0977625659064545 -0.000432521383819377 0 
6.255 0.0977604032184778 -0.000432553806864404 0 
6.26 0.0977582405120098 -0.00043252878032652 0 
6.265 0.0977560777382399 -0.000432563425810495 0 
6.27 0.0977539150262861 -0.0004325213557025 0 
6.275 0.0977517523383254 -0.00043255382856712 0 
6.28 0.0977495896318451 -0.000432528763574733 0 
6.285 0.0977474269396596 -0.000432548110615737 0 
6.29 0.0977452643180139 -0.000432517848993556 0 
6.295 0.0977431016320531 -0.000432556535308083 0 
6.3 0.0977409389240291 -0.000432526674309062 0 
6.305 0.0977387762330351 -0.000432549723267679 0 
6.31 0.0977366134473209 -0.000432547260477784 0 
6.315 0.0977344507445864 -0.000432533833318691 0 
6.32 0.0977322880495096 -0.000432544197407125 0 
6.325 0.097730125348522 -0.000432536197626357 0 
6.33 0.0977279627336703 -0.000432527044332241 0 
6.335 0.0977258000424653 -0.000432549437656034 0 
6.34 0.0977236373384892 -0.00043253215280923 0 
6.345 0.0977214746443708 -0.000432545494550358 0 
6.35 0.0977193118610683 -0.000432550524518974 0 
6.355 0.0977171491564723 -0.000432531313886902 0 
6.36 0.0977149864628323 -0.000432546142093537 0 
6.365 0.0977128237607357 -0.000432534696571535 0 
6.37 0.0977106610651665 -0.00043254353108383 0 
6.375 0.0977084984461325 -0.000432521383819745 0 
6.38 0.0977063357581558 -0.000432553806864119 0 
6.385 0.0977041730516878 -0.000432528780326742 0 
6.39 0.0977020102779178 -0.000432563425810328 0 
6.395 0.0976998475659641 -0.000432521355702632 0 
6.4 0.0976976848780034 -0.000432553828567016 0 
6.405 0.0976955221715231 -0.000432528763574809 0 
6.41 0.0976933594793376 -0.000432548110615681 0 
6.415 0.0976911968576919 -0.000432517848993598 0 
6.42 0.0976890341717311 -0.000432556535308042 0 
6.425 0.0976868714637071 -0.00043252667430909 0 
6.43 0.0976847087727131 -0.000432549723267651 0 
6.435 0.0976825459869989 -0.000432547260477804 0 
6.44 0.0976803832842644 -0.000432533833318684 0 
6.445 0.0976782205891876 -0.000432544197407132 0 
6.45 0.0976760578882 -0.000432536197626357 0 
6.455 0.0976738952733483 -0.000432527044332241 0 
6.46 0.0976717325821433 -0.000432549437656034 0 
6.465 0.0976695698781671 -0.00043253215280923 0 
6.47 0.0976674071840487 -0.000432545494550358 0 
6.475 0.0976652444007463 -0.000432550524518974 0 
6.48 0.0976630816961503 -0.000432531313886902 0 
6.485 0.0976609190025103 -0.000432546142093537 0 
6.49 0.0976587563004136 -0.000432534696571535 0 
6.495 0.0976565936048445 -0.00043254353108383 0 
6.5 0.0976544309858105 -0.000432521383819745 0 
6.505 0.0976522682978338 -0.000432553806864119 0 
6.51 0.0976501055913658 -0.000432528780326742 0 
6.515 0.0976479428175958 -0.000432563425810328 0 
6.52 0.0976457801056421 -0.000432521355702632 0 
6.525 0.0976436174176814 -0.000432553828567016 0 
6.53 0.097641454711201 -0.000432528763574809 0 
6.535 0.0976392920190155 -0.000432548110615681 0 
6.54 0.0976371293973698 -0.000432517848993598 0 
6.545 0.0976349667114091 -0.000432556535308042 0 
6.55 0.097632804003385 -0.00043252667430909 0 
6.555 0.0976306413123911 -0.000432549723267651 0 
6.56 0.0976284785266769 -0.000432547260477804 0 
6.565 0.0976263158239424 -0.000432533833318684 0 
6.57 0.0976241531288656 -0.000432544197407132 0 
6.575 0.097621990427878 -0.000432536197626357 0 
6.58 0.0976198278130263 -0.000432527044332241 0 
6.585 0.0976176651218213 -0.000432549437656034 0 
6.59 0.0976155024178451 -0.00043253215280923 0 
6.595 0.0976133397237267 -0.000432545494550358 0 
6.6 0.0976111769404242 -0.000432550524518974 0 
6.605 0.0976090142358282 -0.000432531313886902 0 
6.61 0.0976068515421883 -0.000432546142093537 0 
6.615 0.0976046888400916 -0.000432534696571535 0 
6.62 0.0976025261445225 -0.00043254353108383 0 
6.625 0.0976003635254885 -0.000432521383819745 0 
6.63 0.0975982008375117 -0.000432553806864119 0 
6.635 0.0975960381310438 -0.000432528780326742 0 
6.64 0.0975938753572738 -0.000432563425810328 0 
6.645 0.09759171264532 -0.000432521355702632 0 
6.65 0.0975895499573594 -0.000432553828567016 0 
6.655 0.097587387250879 -0.000432528763574809 0 
6.66 0.0975852245586935 -0.000432548110615681 0 
6.665 0.0975830619370478 -0.000432517848993598 0 
6.67 0.097580899251087 -0.000432556535308042 0 
6.675 0.097578736543063 -0.00043252667430909 0 
6.68 0.0975765738520691 -0.000432549723267651 0 
6.685 0.0975744110663548 -0.000432547260477804 0 
6.69 0.0975722483636204 -0.000432533833318684 0 
6.695 0.0975700856685435 -0.000432544197407132 0 
6.7 0.097567922967556 -0.000432536197626357 0 
6.705 0.0975657602711308 -0.000432542372457143 0 
6.71 0.0975635976527575 -0.000432522278134721 0 
6.715 0.0975614349642707 -0.000432553116564753 0 
6.72 0.0975592722581965 -0.000432529313151568 0 
6.725 0.0975571094841226 -0.000432563014536161 0 
6.73 0.0975549468539772 -0.000432506345029844 0 
6.735 0.0975527841745773 -0.000432565414930065 0 
6.74 0.0975506214614891 -0.000432519820350842 0 
6.745 0.097548458774404 -0.000432555013666812 0 
6.75 0.0975462960672478 -0.000432527848825907 0 
6.755 0.097544133375584 -0.000432548816687486 0 
6.76 0.097541970671962 -0.000432532632119328 0 
6.765 0.0975398078959953 -0.000432560452707918 0 
6.77 0.0975376451857371 -0.000432523650566057 0 
6.775 0.097535482578041 -0.000432536729094268 0 
6.78 0.0975333198813126 -0.000432541962230346 0 
6.785 0.0975311571815998 -0.000432537922903431 0 
6.79 0.0975289944841907 -0.000432541040759037 0 
6.795 0.0975268317850033 -0.000432538634164099 0 
6.8 0.0975246690871886 -0.00043254049175457 0 
6.805 0.0975225063883143 -0.00043253905792693 0 
6.81 0.0975203436086828 -0.00043255549278768 0 
6.815 0.0975181809828271 -0.000432512150879444 0 
6.82 0.097516018300116 -0.000432560933539911 0 
6.825 0.0975138555895836 -0.000432523279423863 0 
6.83 0.0975116929005258 -0.000432552343694825 0 
6.835 0.0975095301948923 -0.000432529909710537 0 
6.84 0.0975073675020531 -0.000432547225942166 0 
6.845 0.0975052047993383 -0.000432533859975874 0 
6.85 0.0975030420226713 -0.000432559504956145 0 
6.855 0.0975008793945274 -0.000432509053986917 0 
6.86 0.0974987167135826 -0.000432563323953826 0 
6.865 0.0974965540016869 -0.000432521434323131 0 
6.87 0.0974943913136814 -0.000432553767881948 0 
6.875 0.0974922286072356 -0.000432528810416104 0 
6.88 0.0974900659150234 -0.000432548074460061 0 
6.885 0.0974879032118247 -0.000432533205026127 0 
6.89 0.0974857404355312 -0.000432560010495492 0 
6.895 0.0974835777255253 -0.000432523991898776 0 
6.9 0.0974814151176345 -0.000432536465628068 0 
6.905 0.0974792524210564 -0.000432542165593318 0 
6.91 0.0974770897212276 -0.00043253776593264 0 
6.915 0.097474927023908 -0.000432541161920867 0 
6.92 0.0974727643246516 -0.000432538540642312 0 
6.925 0.0974706016268901 -0.000432540563941701 0 
6.93 0.0974684389279747 -0.000432539002207487 0 
6.935 0.097466276148375 -0.000432555535796124 0 
6.94 0.0974641135224947 -0.000432512117682304 0 
6.945 0.0974619508398026 -0.000432560959163955 0 
6.95 0.0974597881292555 -0.000432523259645309 0 
6.955 0.097457625440209 -0.000432552358961391 0 
6.96 0.0974554627345668 -0.000432529897926665 0 
6.965 0.0974533000417344 -0.000432547235037835 0 
6.97 0.0974511373390144 -0.000432533852955157 0 
6.975 0.0974489745623514 -0.000432559510375262 0 
6.98 0.0974468119342044 -0.000432509049804033 0 
6.985 0.0974446492532619 -0.0004325633271825 0 
6.99 0.0974424865413644 -0.000432521431830993 0 
6.995 0.0974403238533603 -0.000432553769805569 0 
7 0.0974381611469134 -0.000432528808931312 0 
7.005 0.0974359984547021 -0.000432548075606123 0 
7.01 0.0974338357515027 -0.000432533204141508 0 
7.015 0.0974316729752098 -0.0004325600111783 0 
7.02 0.0974295102652034 -0.000432523991371732 0 
7.025 0.0974273476573129 -0.000432536466034882 0 
7.03 0.0974251849607346 -0.000432542165279312 0 
7.035 0.097423022260906 -0.000432537766175009 0 
7.04 0.0974208595635862 -0.000432541161733781 0 
7.045 0.0974186968643299 -0.000432538540786724 0 
7.05 0.0974165341665683 -0.000432540563830235 0 
7.055 0.097414371467653 -0.000432539002293522 0 
7.06 0.0974122086880532 -0.000432555535729719 0 
7.065 0.097410046062173 -0.000432512117733569 0 
7.07 0.0974078833794808 -0.00043256095912439 0 
7.075 0.0974057206689338 -0.00043252325967584 0 
7.08 0.0974035579798873 -0.000432552358937827 0 
7.085 0.0974013952742451 -0.000432529897944844 0 
7.09 0.0973992325814127 -0.000432547235023804 0 
7.095 0.0973970698786927 -0.000432533852965981 0 
7.1 0.0973949071020297 -0.000432559510366907 0 
7.105 0.097392744392309 -0.000432524377935527 0 
7.11 0.097390581784198 -0.000432536167655956 0 
7.115 0.0973884190877899 -0.000432542395590547 0 
7.12 0.0973862563878299 -0.000432537588403663 0 
7.125 0.0973840936906115 -0.000432541298950907 0 
7.13 0.0973819309912769 -0.000432538434872252 0 
7.135 0.0973797682935758 -0.000432540645582964 0 
7.14 0.0973776055130388 -0.000432554267315671 0 
7.145 0.0973754428063082 -0.000432528424915701 0 
7.15 0.0973732801958893 -0.000432533043893131 0 
7.155 0.0973711175012627 -0.000432544806744976 0 
7.16 0.0973689547999276 -0.000432535727293702 0 
7.165 0.0973667921037706 -0.000432542735495291 0 
7.17 0.0973646294036168 -0.00043253732603956 0 
7.175 0.097362466706548 -0.000432541501463199 0 
7.18 0.097360304007098 -0.000432538278558076 0 
7.185 0.0973581412279109 -0.000432556094363011 0 
7.19 0.0973559786017121 -0.000432511686538496 0 
7.195 0.0973538159192658 -0.000432561291953078 0 
7.2 0.097351653208529 -0.000432523002773709 0 
7.205 0.097349490519629 -0.000432552557234157 0 
7.21 0.0973473278138737 -0.00043252974488487 0 
7.215 0.0973451651211286 -0.00043254735316698 0 
7.22 0.0973430024183412 -0.000432533761774219 0 
7.225 0.0973408396417302 -0.000432559580755554 0 
7.23 0.0973386769319693 -0.000432524323604293 0 
7.235 0.0973365143238894 -0.000432536209592875 0 
7.24 0.0973343516274573 -0.000432542363220483 0 
7.245 0.0973321889275158 -0.000432537613389315 0 
7.25 0.0973300262302832 -0.000432541279665112 0 
7.255 0.0973278635309596 -0.000432538449758477 0 
7.26 0.09732570083325 -0.000432540634092655 0 
7.265 0.0973235380527196 -0.000432554276184757 0 
7.27 0.0973213753459839 -0.000432528418069872 0 
7.275 0.0973192127355689 -0.000432533049177251 0 
7.28 0.0973170500409393 -0.000432544802666295 0 
7.285 0.0973148873396065 -0.000432535730441934 0 
7.29 0.0973127246434477 -0.000432542733065248 0 
7.295 0.0973105619432953 -0.000432537327915254 0 
7.3 0.0973083992462254 -0.000432541500015392 0 
7.305 0.0973062365467762 -0.000432538279675605 0 
7.31 0.0973040737675885 -0.000432556093500416 0 
7.315 0.0973019111413902 -0.000432511687204311 0 
7.32 0.0972997484589436 -0.000432561291439156 0 
7.325 0.097297585748207 -0.000432523003170385 0 
7.33 0.0972954230593068 -0.000432552556927979 0 
7.335 0.0972932603535517 -0.000432529745121202 0 
7.34 0.0972910976608064 -0.000432547352984564 0 
7.345 0.0972889349580192 -0.00043253376191503 0 
7.35 0.0972867721814081 -0.000432559580646856 0 
7.355 0.0972846094716473 -0.000432524323688198 0 
7.36 0.0972824468635672 -0.000432536209528114 0 
7.365 0.0972802841671352 -0.000432542363270463 0 
7.37 0.0972781214671937 -0.000432537613350735 0 
7.375 0.0972759587699611 -0.000432541279694894 0 
7.38 0.0972737960706375 -0.000432538449735488 0 
7.385 0.0972716333729279 -0.000432540634110405 0 
7.39 0.0972694705923974 -0.00043255427617106 0 
7.395 0.0972673078856618 -0.000432528418080447 0 
7.4 0.0972651452752468 -0.000432533049169091 0 
7.405 0.0972629825806172 -0.000432544802672595 0 
7.41 0.0972608198792844 -0.000432535730437077 0 
7.415 0.0972586571831256 -0.000432542733068995 0 
7.42 0.0972564944829732 -0.000432537327912354 0 
7.425 0.0972543317859033 -0.000432541500017633 0 
7.43 0.0972521690864541 -0.000432538279673877 0 
7.435 0.0972500063072664 -0.000432556093501756 0 
7.44 0.0972478436810681 -0.000432511687203277 0 
7.445 0.0972456809986215 -0.000432561291439953 0 
7.45 0.097243518287885 -0.000432523003169774 0 
7.455 0.0972413555989847 -0.000432552556928451 0 
7.46 0.0972391928932296 -0.000432529745120841 0 
7.465 0.0972370302004843 -0.000432547352984827 0 
7.47 0.0972348674976971 -0.000432533761914822 0 
7.475 0.097232704721086 -0.000432559580647023 0 
7.48 0.0972305420113252 -0.000432524323688066 0 
7.485 0.0972283794032451 -0.000432536209528218 0 
7.49 0.0972262167068132 -0.000432542363270387 0 
7.495 0.0972240540068716 -0.000432537613350652 0 
7.5 0.097221891309639 -0.000432541279695088 0 
7.505 0.0972197286103154 -0.000432538449735335 0 
7.51 0.0972175659126058 -0.000432540634110516 0 
7.515 0.0972154031320753 -0.00043255427617097 0 
7.52 0.0972132404253397 -0.000432528418080523 0 
7.525 0.0972110778149247 -0.000432533049169036 0 
7.53 0.0972089151202951 -0.000432544802672637 0 
7.535 0.0972067524189623 -0.000432535730437042 0 
7.54 0.0972045897228035 -0.000432542733069023 0 
7.545 0.0972024270226511 -0.000432537327912326 0 
7.55 0.0972002643255813 -0.000432541500017654 0 
7.555 0.097198101626132 -0.000432538279673857 0 
7.56 0.0971959388469444 -0.000432556093501769 0 
7.565 0.097193776220746 -0.000432511687203263 0 
7.57 0.0971916135382994 -0.000432561291439967 0 
7.575 0.0971894508275629 -0.00043252300316976 0 
7.58 0.0971872881386626 -0.000432552556928464 0 
7.585 0.0971851254329075 -0.000432529745120827 0 
7.59 0.0971829627401622 -0.000432547352984841 0 
7.595 0.097180800037375 -0.000432533761914808 0 
7.6 0.0971786372607639 -0.000432559580647036 0 
7.605 0.0971764745510031 -0.000432524323688052 0 
7.61 0.0971743119429231 -0.000432536209528225 0 
7.615 0.0971721492464911 -0.000432542363270387 0 
7.62 0.0971699865465495 -0.000432537613350652 0 
7.625 0.0971678238493169 -0.000432541279695088 0 
7.63 0.0971656611499933 -0.000432538449735335 0 
7.635 0.0971634984522837 -0.000432540634110516 0 
7.64 0.0971613356717533 -0.00043255427617097 0 
7.645 0.0971591729650176 -0.000432528418080523 0 
7.65 0.0971570103546026 -0.000432533049169036 0 
7.655 0.097154847659973 -0.000432544802672637 0 
7.66 0.0971526849586402 -0.000432535730437042 0 
7.665 0.0971505222624814 -0.000432542733069023 0 
7.67 0.097148359562329 -0.000432537327912326 0 
7.675 0.0971461968652592 -0.000432541500017654 0 
7.68 0.0971440341658099 -0.000432538279673857 0 
7.685 0.0971418713866223 -0.000432556093501769 0 
7.69 0.0971397087604239 -0.000432511687203263 0 
7.695 0.0971375460779773 -0.000432561291439967 0 
7.7 0.0971353833672408 -0.00043252300316976 0 
7.705 0.0971332206783405 -0.000432552556928464 0 
7.71 0.0971310579725854 -0.000432529745120827 0 
7.715 0.0971288952798401 -0.000432547352984841 0 
7.72 0.0971267325770529 -0.000432533761914808 0 
7.725 0.0971245698004418 -0.000432559580647036 0 
7.73 0.097122407090681 -0.000432524323688052 0 
7.735 0.097120244482601 -0.000432536209528225 0 
7.74 0.097118081786169 -0.000432542363270387 0 
7.745 0.0971159190862274 -0.000432537613350652 0 
7.75 0.0971137563889948 -0.000432541279695088 0 
7.755 0.0971115936896712 -0.000432538449735335 0 
7.76 0.0971094309919616 -0.000432540634110516 0 
7.765 0.0971072682114312 -0.00043255427617097 0 
7.77 0.0971051055046955 -0.000432528418080523 0 
7.775 0.0971029428942805 -0.000432533049169036 0 
7.78 0.0971007801996509 -0.000432544802672637 0 
7.785 0.0970986174983181 -0.000432535730437042 0 
7.79 0.0970964548021594 -0.000432542733069023 0 
7.795 0.0970942921020069 -0.000432537327912326 0 
7.8 0.0970921294049371 -0.000432541500017654 0 
7.805 0.0970899666239128 -0.000432553607798897 0 
7.81 0.0970878039175583 -0.000432528933980214 0 
7.815 0.0970856413068491 -0.00043253265095896 0 
7.82 0.0970834786124466 -0.000432545110041038 0 
7.825 0.0970813159109385 -0.000432535493187058 0 
7.83 0.097079153214915 -0.000432542916196363 0 
7.835 0.0970769905146581 -0.000432537186560916 0 
7.84 0.0970748278176689 -0.000432541609123281 0 
7.845 0.0970726651181575 -0.000432538195457945 0 
7.85 0.0970705023390178 -0.000432556158505931 0 
7.855 0.0970683396312087 -0.000432526965153217 0 
7.86 0.0970661770216222 -0.0004325341706473 0 
7.865 0.097064014326353 -0.000432543937031599 0 
7.87 0.097061851625514 -0.000432536398603717 0 
7.875 0.0970596889289741 -0.000432542217327879 0 
7.88 0.0970575262291158 -0.000432537726000028 0 
7.885 0.097055363531819 -0.000432541192743711 0 
7.89 0.0970532007509699 -0.000432553844975973 0 
7.895 0.0970510380444802 -0.000432528750909149 0 
7.9 0.0970488754338753 -0.000432532792266939 0 
7.905 0.0970467127393922 -0.000432545000968947 0 
7.91 0.0970445500379464 -0.000432535577377074 0 
7.915 0.0970423873418749 -0.000432542851212192 0 
7.92 0.0970402246416551 -0.00043253723672057 0 
7.925 0.0970380619446373 -0.000432541570406286 0 
7.93 0.0970358991635728 -0.000432553553467684 0 
7.935 0.0970337364572494 -0.000432528975917119 0 
7.94 0.0970315737649428 -0.000432547946713956 0 
7.945 0.0970294111433905 -0.000432517975505101 0 
7.95 0.0970272484573576 -0.000432556437656981 0 
7.955 0.0970250857493893 -0.000432526749683637 0 
7.96 0.0970229230583523 -0.00043254966508792 0 
7.965 0.0970207603542465 -0.000432531977260245 0 
7.97 0.0970185976602282 -0.000432545630052225 0 
7.975 0.0970164348768485 -0.000432550419928464 0 
7.98 0.0970142721723121 -0.0004325313946177 0 
7.985 0.0970121095601995 -0.000432530751654399 0 
7.99 0.0970099468668802 -0.000432546576066749 0 
7.995 0.0970077841645361 -0.000432534361598465 0 
8 0.097005621469158 -0.000432543789641311 0 
8.005 0.0970034586868278 -0.000432551840495635 0 
8.01 0.097001296063055 -0.000432514969992373 0 
8.015 0.0969991332971614 -0.000432574085662163 0 
8.02 0.0969969706607021 -0.00043249779950446 0 
8.025 0.0969948079861757 -0.000432572011007618 0 
8.03 0.0969926452693257 -0.000432514729003346 0 
8.035 0.0969904825851443 -0.000432558943550661 0 
8.04 0.0969883197941716 -0.000432540143571858 0 
8.045 0.0969861571770695 -0.000432523998555416 0 
8.05 0.0969839944060267 -0.000432567116740064 0 
8.055 0.0969818317735418 -0.0004325031786412 0 
8.06 0.096979669014373 -0.000432583187111348 0 
8.065 0.0969775063727232 -0.00043249077432337 0 
8.07 0.0969753437022034 -0.000432577433569274 0 
8.075 0.0969731809822608 -0.000432510543463563 0 
8.08 0.0969710183004665 -0.000432562174264184 0 
8.085 0.0969688555076512 -0.00043253764986486 0 
8.09 0.0969666928919713 -0.000432525923385503 0 
8.095 0.0969645301198307 -0.000432565631011843 0 
8.1 0.0969623674881931 -0.000432504325437677 0 
8.105 0.0969602047283703 -0.000432582301927817 0 
8.11 0.0969580420872253 -0.000432491457574409 0 
8.115 0.0969558794163158 -0.000432576906184874 0 
8.12 0.0969537166150986 -0.000432526278663581 0 
8.125 0.0969515540059036 -0.000432534700531485 0 
8.13 0.0969493912287572 -0.000432558856152288 0 
8.135 0.0969472286009833 -0.000432509554782391 0 
8.14 0.0969450658381781 -0.000432578265527367 0 
8.145 0.0969429031993351 -0.000432494573171009 0 
8.15 0.0969407405266488 -0.00043257450133375 0 
8.155 0.0969385778083785 -0.000432512806782859 0 
8.16 0.0969364151252934 -0.000432560427264604 0 
8.165 0.0969342523334744 -0.000432538998330165 0 
8.17 0.0969320897170255 -0.000432524882538844 0 
8.175 0.0969299269454785 -0.00043256643441536 0 
8.18 0.0969277643133827 -0.000432503705310582 0 
8.185 0.0969256015539136 -0.000432582780588428 0 
8.19 0.0969234389124956 -0.000432491088108257 0 
8.195 0.0969212762417969 -0.000432577191366558 0 
8.2 0.0969191135219924 -0.000432510730413782 0 
8.205 0.0969169508400915 -0.000432562029961989 0 
8.21 0.0969147880473585 -0.000432537761248117 0 
8.215 0.096912625431615 -0.000432525837411553 0 
8.22 0.0969104626595234 -0.000432565697372989 0 
8.225 0.096908300027848 -0.000432504274215158 0 
8.23 0.0969061372680544 -0.000432582341465204 0 
8.235 0.0969039746268869 -0.000432491427056488 0 
8.24 0.0969018119559948 -0.000432576929740892 0 
8.245 0.0968996491547641 -0.000432526260481278 0 
8.25 0.0968974865455796 -0.000432534714565953 0 
8.255 0.0968953237684251 -0.000432558845319439 0 
8.26 0.0968931611406574 -0.000432509563143994 0 
8.265 0.0968909983778475 -0.000432578259073259 0 
8.27 0.0968888357390081 -0.000432494578152767 0 
8.275 0.0968866730663189 -0.000432574497488458 0 
8.28 0.0968845103480509 -0.00043251280975095 0 
8.285 0.096882347664964 -0.000432560424973603 0 
8.29 0.0968801848731464 -0.000432539000098528 0 
8.295 0.0968780222566964 -0.00043252488117388 0 
8.3 0.0968758594851502 -0.000432566435468934 0 
8.305 0.0968736968530539 -0.000432503704497357 0 
8.31 0.0968715340935852 -0.000432582781216134 0 
8.315 0.0968693714521669 -0.000432491087623742 0 
8.32 0.0968672087814684 -0.000432577191740537 0 
8.325 0.0968650460616638 -0.000432510730125124 0 
8.33 0.096862883379763 -0.000432562030184797 0 
8.335 0.0968607205870298 -0.000432537761076136 0 
8.34 0.0968585579712865 -0.000432525837544294 0 
8.345 0.0968563951991948 -0.000432565697270529 0 
8.35 0.0968542325675195 -0.000432504274294247 0 
8.355 0.0968520698077258 -0.000432582341404156 0 
8.36 0.0968499071665583 -0.00043249142710361 0 
8.365 0.0968477444956662 -0.000432576929704519 0 
8.37 0.0968455816944356 -0.000432526260509353 0 
8.375 0.096843419085251 -0.000432534714544276 0 
8.38 0.0968412563080966 -0.000432558845336162 0 
8.385 0.0968390936803289 -0.000432509563131088 0 
8.39 0.0968369309175189 -0.000432578259083223 0 
8.395 0.0968347682786795 -0.000432494578145079 0 
8.4 0.0968326056059904 -0.000432574497494384 0 
8.405 0.0968304428877223 -0.00043251280974637 0 
8.41 0.0968282802046355 -0.000432560424977142 0 
8.415 0.0968261174128178 -0.000432539000095794 0 
8.42 0.0968239547963679 -0.000432524881176004 0 
8.425 0.0968217920248216 -0.000432566435467296 0 
8.43 0.0968196293927253 -0.00043250370449862 0 
8.435 0.0968174666332566 -0.000432582781215156 0 
8.44 0.0968153039918383 -0.000432491087624498 0 
8.445 0.0968131413211398 -0.000432577191739961 0 
8.45 0.0968109786013352 -0.000432510730125561 0 
8.455 0.0968088159194344 -0.00043256203018445 0 
8.46 0.0968066531267012 -0.0004325377610764 0 
8.465 0.0968044905109579 -0.000432525837544093 0 
8.47 0.0968023277388662 -0.000432565697270682 0 
8.475 0.0968001651071909 -0.000432504274294136 0 
8.48 0.0967980023473972 -0.000432582341404239 0 
8.485 0.0967958397062297 -0.00043249142710354 0 
8.49 0.0967936770353376 -0.000432576929704574 0 
8.495 0.096791514234107 -0.000432526260509311 0 
8.5 0.0967893516249224 -0.000432534714544318 0 
8.505 0.096787188847768 -0.000432558845336134 0 
8.51 0.0967850262200003 -0.000432509563131116 0 
8.515 0.0967828634571903 -0.000432578259083195 0 
8.52 0.0967807008183509 -0.000432494578145093 0 
8.525 0.0967785381456618 -0.000432574497494377 0 
8.53 0.0967763754273937 -0.000432512809746377 0 
8.535 0.0967742127443069 -0.000432560424977135 0 
8.54 0.0967720499524892 -0.000432539000095801 0 
8.545 0.0967698873360393 -0.000432524881175997 0 
8.55 0.096767724564493 -0.000432566435467303 0 
8.555 0.0967655619323967 -0.00043250370449862 0 
8.56 0.096763399172928 -0.000432582781215156 0 
8.565 0.0967612365315097 -0.000432491087624498 0 
8.57 0.0967590738608112 -0.000432577191739961 0 
8.575 0.0967569110594311 -0.000432526058250747 0 
8.58 0.0967547484503618 -0.000432534870662644 0 
8.585 0.0967525856731184 -0.000432558724832305 0 
8.59 0.0967504230454194 -0.000432509656145004 0 
8.595 0.0967482602825564 -0.000432578187288105 0 
8.6 0.096746097643758 -0.000432494633561938 0 
8.605 0.0967439348894627 -0.000432589782844404 0 
8.61 0.0967417722440513 -0.000432485683241918 0 
8.615 0.096739609576435 -0.000432581363247767 0 
8.62 0.0967374467726758 -0.00043252283836815 0 
8.625 0.0967352841654428 -0.000432537356009524 0 
8.63 0.096733121386782 -0.000432556806455174 0 
8.635 0.096730958760177 -0.000432511136892355 0 
8.64 0.0967287959964695 -0.00043257704433624 0 
8.645 0.0967266333583229 -0.000432495515777905 0 
8.65 0.0967244706035244 -0.000432589101883957 0 
8.655 0.0967223079585014 -0.000432486208858253 0 
8.66 0.0967201452905854 -0.000432580957537655 0 
8.665 0.0967179824870575 -0.00043252315152565 0 
8.67 0.096715819879646 -0.000432537114291073 0 
8.675 0.096713657101123 -0.000432556993031602 0 
8.68 0.0967114944744116 -0.000432510992878672 0 
8.685 0.0967093317107862 -0.000432577155496799 0 
8.69 0.0967071690725762 -0.000432495429975845 0 
8.695 0.0967050063994013 -0.000432573839987509 0 
8.7 0.0967028435999327 -0.000432528645384664 0 
8.705 0.0967006809893881 -0.000432532873718652 0 
8.71 0.0966985182132835 -0.000432560266223445 0 
8.715 0.0966963555847055 -0.000432508466383721 0 
8.72 0.096694192822521 -0.000432579105635093 0 
8.725 0.0966920301831988 -0.000432493924712854 0 
8.73 0.0966898674293078 -0.000432590329987291 0 
8.735 0.0966877047835844 -0.000432485260916 0 
8.74 0.096685542116209 -0.000432581689230584 0 
8.745 0.0966833793122639 -0.000432522586750167 0 
8.75 0.0966812167051744 -0.000432537550227152 0 
8.755 0.0966790539264028 -0.000432556656543438 0 
8.76 0.0966768912998833 -0.000432511252605475 0 
8.765 0.0966747285361098 -0.000432576955020171 0 
8.77 0.0966725658980142 -0.000432495584718751 0 
8.775 0.0966704031431764 -0.000432589048670239 0 
8.78 0.0966682404981837 -0.000432486249932598 0 
8.785 0.0966660778302443 -0.000432580925833398 0 
8.79 0.0966639150267345 -0.00043252317599738 0 
8.795 0.096661752419309 -0.000432537095401961 0 
8.8 0.0966595896407967 -0.000432557007611641 0 
8.805 0.0966574270140771 -0.000432510981624709 0 
8.81 0.0966552642504581 -0.000432577164183455 0 
8.815 0.0966531016122432 -0.00043249542327084 0 
8.82 0.096650938939072 -0.000432573845162945 0 
8.825 0.0966487761396005 -0.00043252864138988 0 
8.83 0.0966466135290581 -0.000432532876802123 0 
8.835 0.0966444507529518 -0.00043256026384339 0 
8.84 0.0966422881243751 -0.000432508468220821 0 
8.845 0.0966401253621896 -0.000432579104217082 0 
8.85 0.0966379627228682 -0.000432493925807374 0 
8.855 0.0966357999689766 -0.00043259032914246 0 
8.86 0.0966336373232537 -0.000432485261568104 0 
8.865 0.0966314746558779 -0.000432581688727236 0 
8.87 0.096629311851933 -0.00043252258713869 0 
8.875 0.0966271492448433 -0.000432537549927274 0 
8.88 0.0966249864660719 -0.000432556656774913 0 
8.885 0.0966228238395523 -0.000432511252426805 0 
8.89 0.0966206610757789 -0.000432576955158089 0 
8.895 0.0966184984376831 -0.000432495584612294 0 
8.9 0.0966163356828454 -0.000432589048752409 0 
8.905 0.0966141730378527 -0.000432486249869177 0 
8.91 0.0966120103699133 -0.000432580925882352 0 
8.915 0.0966098475664035 -0.000432523175959591 0 
8.92 0.096607684958978 -0.000432537095431132 0 
8.925 0.0966055221804657 -0.000432557007589117 0 
8.93 0.0966033595537461 -0.000432510981642091 0 
8.935 0.0966011967901271 -0.000432577164170042 0 
8.94 0.0965990341519121 -0.000432495423281186 0 
8.945 0.096596871478741 -0.000432573845154959 0 
8.95 0.0965947086792695 -0.000432528641396049 0 
8.955 0.0965925460687271 -0.000432532876797363 0 
8.96 0.0965903832926209 -0.000432560263847068 0 
8.965 0.0965882206640442 -0.000432508468217983 0 
8.97 0.0965860579018586 -0.000432579104219274 0 
8.975 0.0965838952625373 -0.000432493925805688 0 
8.98 0.0965817325086456 -0.000432590329143757 0 
8.985 0.0965795698629227 -0.000432485261567098 0 
8.99 0.0965774071955469 -0.00043258168872802 0 
8.995 0.0965752443916021 -0.000432522587138086 0 
9 0.0965730817845124 -0.000432537549927725 0 
9.005 0.0965709190057409 -0.000432556656774566 0 
9.01 0.0965687563792213 -0.000432511252427069 0 
9.015 0.0965665936154479 -0.000432576955157887 0 
9.02 0.0965644309773522 -0.00043249558461244 0 
9.025 0.0965622682225145 -0.000432589048752305 0 
9.03 0.0965601055775217 -0.000432486249869253 0 
9.035 0.0965579429095823 -0.000432580925882289 0 
9.04 0.0965557801060725 -0.000432523175959633 0 
9.045 0.096553617498647 -0.000432537095431104 0 
9.05 0.0965514547201348 -0.000432557007589145 0 
9.055 0.0965492920934151 -0.00043251098164207 0 
9.06 0.0965471293297961 -0.000432577164170049 0 
9.065 0.0965449666915812 -0.000432495423281179 0 
9.07 0.0965428040184101 -0.000432573845154965 0 
9.075 0.0965406412189386 -0.000432528641396042 0 
9.08 0.0965384786083962 -0.00043253287679737 0 
9.085 0.0965363158322899 -0.000432560263847061 0 
9.09 0.0965341532037132 -0.00043250846821799 0 
9.095 0.0965319904415277 -0.000432579104219268 0 
9.1 0.0965298278022063 -0.000432493925805695 0 
9.105 0.0965276650483147 -0.000432590329143757 0 
9.11 0.0965255024025917 -0.000432485261567098 0 
9.115 0.096523339735216 -0.00043258168872802 0 
9.12 0.0965211769312711 -0.000432522587138086 0 
9.125 0.0965190143241814 -0.000432537549927725 0 
9.13 0.09651685154541 -0.000432556656774566 0 
9.135 0.0965146889188904 -0.000432511252427069 0 
9.14 0.096512526155117 -0.000432576955157887 0 
9.145 0.0965103635170212 -0.00043249558461244 0 
9.15 0.0965082007621835 -0.000432589048752305 0 
9.155 0.0965060381171908 -0.000432486249869253 0 
9.16 0.0965038754492513 -0.000432580925882289 0 
9.165 0.0965017126457416 -0.000432523175959633 0 
9.17 0.0964995500383161 -0.000432537095431104 0 
9.175 0.0964973872598038 -0.000432557007589145 0 
9.18 0.0964952246330842 -0.00043251098164207 0 
9.185 0.0964930618694652 -0.000432577164170049 0 
9.19 0.0964908992312502 -0.000432495423281179 0 
9.195 0.0964887365580791 -0.000432573845154965 0 
9.2 0.0964865737586076 -0.000432528641396042 0 
9.205 0.0964844111480652 -0.00043253287679737 0 
9.21 0.0964822483719589 -0.000432560263847061 0 
9.215 0.0964800857433822 -0.00043250846821799 0 
9.22 0.0964779229811967 -0.000432579104219268 0 
9.225 0.0964757603418754 -0.000432493925805695 0 
9.23 0.0964735975879837 -0.000432590329143757 0 
9.235 0.0964714349422608 -0.000432485261567098 0 
9.24 0.096469272274885 -0.00043258168872802 0 
9.245 0.0964671094709401 -0.000432522587138086 0 
9.25 0.0964649468638505 -0.000432537549927725 0 
9.255 0.096462784085079 -0.000432556656774566 0 
9.26 0.0964606214585594 -0.000432511252427069 0 
9.265 0.096458458694786 -0.000432576955157887 0 
9.27 0.0964562960566902 -0.00043249558461244 0 
9.275 0.0964541333018526 -0.000432589048752305 0 
9.28 0.0964519706568598 -0.000432486249869253 0 
9.285 0.0964498079889204 -0.000432580925882289 0 
9.29 0.0964476451854106 -0.000432523175959633 0 
9.295 0.0964454825779851 -0.000432537095431104 0 
9.3 0.0964433197994729 -0.000432557007589145 0 
9.305 0.0964411571727532 -0.00043251098164207 0 
9.31 0.0964389944091342 -0.000432577164170049 0 
9.315 0.0964368317709193 -0.000432495423281179 0 
9.32 0.0964346690977481 -0.000432573845154965 0 
9.325 0.0964325062982767 -0.000432528641396042 0 
9.33 0.0964303436877343 -0.00043253287679737 0 
9.335 0.096428180911628 -0.000432560263847061 0 
9.34 0.0964260182830513 -0.00043250846821799 0 
9.345 0.0964238555208658 -0.000432579104219268 0 
9.35 0.0964216928815444 -0.000432493925805695 0 
9.355 0.0964195301276528 -0.000432590329143757 0 
9.36 0.0964173674819298 -0.000432485261567098 0 
9.365 0.096415204814554 -0.00043258168872802 0 
9.37 0.0964130420106092 -0.000432522587138086 0 
9.375 0.0964108794035195 -0.000432537549927725 0 
9.38 0.096408716624748 -0.000432556656774566 0 
9.385 0.0964065539982285 -0.000432511252427069 0 
9.39 0.096404391234455 -0.000432576955157887 0 
9.395 0.0964022285963593 -0.00043249558461244 0 
9.4 0.0964000658415216 -0.000432589048752305 0 
9.405 0.0963979031965289 -0.000432486249869253 0 
9.41 0.0963957405285894 -0.000432580925882289 0 
9.415 0.0963935777250796 -0.000432523175959633 0 
9.42 0.0963914151176542 -0.000432537095431104 0 
9.425 0.0963892523391419 -0.000432557007589145 0 
9.43 0.0963870897124222 -0.00043251098164207 0 
9.435 0.0963849269488033 -0.000432577164170049 0 
9.44 0.0963827643105883 -0.000432495423281179 0 
9.445 0.0963806016374172 -0.000432573845154965 0 
9.45 0.0963784388379457 -0.000432528641396042 0 
9.455 0.0963762762274033 -0.00043253287679737 0 
9.46 0.096374113451297 -0.000432560263847061 0 
9.465 0.0963719508227203 -0.00043250846821799 0 
9.47 0.0963697880605348 -0.000432579104219268 0 
9.475 0.0963676254212134 -0.000432493925805695 0 
9.48 0.0963654626673218 -0.000432590329143757 0 
9.485 0.0963633000215989 -0.000432485261567098 0 
9.49 0.0963611373542231 -0.00043258168872802 0 
9.495 0.0963589745502782 -0.000432522587138086 0 
9.5 0.0963568119431886 -0.000432537549927725 0 
9.505 0.0963546491644171 -0.000432556656774566 0 
9.51 0.0963524865378975 -0.000432511252427069 0 
9.515 0.0963503237741241 -0.000432576955157887 0 
9.52 0.0963481611360283 -0.00043249558461244 0 
9.525 0.0963459983811906 -0.000432589048752305 0 
9.53 0.0963438357361979 -0.000432486249869253 0 
9.535 0.0963416730682585 -0.000432580925882289 0 
9.54 0.0963395102647487 -0.000432523175959633 0 
9.545 0.0963373476573232 -0.000432537095431104 0 
9.55 0.0963351848788109 -0.000432557007589145 0 
9.555 0.0963330222520913 -0.00043251098164207 0 
9.56 0.0963308594884723 -0.000432577164170049 0 
9.565 0.0963286968502574 -0.000432495423281179 0 
9.57 0.0963265341770862 -0.000432573845154965 0 
9.575 0.0963243713776148 -0.000432528641395771 0 
9.58 0.0963222087670723 -0.000432532876797849 0 
9.585 0.0963200459909661 -0.000432560263846693 0 
9.59 0.0963178833623894 -0.000432508468218275 0 
9.595 0.0963157206002039 -0.000432579104219039 0 
9.6 0.0963135579608825 -0.000432493925805862 0 
9.605 0.0963113952069908 -0.000432590329143626 0 
9.61 0.0963092325612679 -0.000432485261567202 0 
9.615 0.0963070698938921 -0.000432581688727944 0 
9.62 0.0963049070899473 -0.000432522587138148 0 
9.625 0.0963027444828576 -0.000432537549927677 0 
9.63 0.0963005817040861 -0.000432556656774601 0 
9.635 0.0962984190775665 -0.000432511252427048 0 
9.64 0.0962962563137931 -0.000432576955157908 0 
9.645 0.0962940936756974 -0.000432495584612433 0 
9.65 0.0962919309208597 -0.000432589048752312 0 
9.655 0.0962897682758669 -0.000432486249869246 0 
9.66 0.0962876056079275 -0.000432580925882296 0 
9.665 0.0962854428044177 -0.000432523175959626 0 
9.67 0.0962832801969923 -0.000432537095431111 0 
9.675 0.09628111741848 -0.000432557007589138 0 
9.68 0.0962789547917603 -0.000432510981642077 0 
9.685 0.0962767920281414 -0.000432577164170042 0 
9.69 0.0962746293899264 -0.000432495423281186 0 
9.695 0.0962724667167553 -0.000432573845154959 0 
9.7 0.0962703039172838 -0.000432528641395778 0 
9.705 0.0962681413067414 -0.000432532876797842 0 
9.71 0.0962659785306351 -0.000432560263846686 0 
9.715 0.0962638159020584 -0.000432508468218282 0 
9.72 0.0962616531398729 -0.000432579104219045 0 
9.725 0.0962594905005515 -0.000432493925805869 0 
9.73 0.0962573277466599 -0.000432590329143619 0 
9.735 0.0962551651009369 -0.000432485261567209 0 
9.74 0.0962530024335612 -0.000432581688727937 0 
9.745 0.0962508396296163 -0.000432522587138155 0 
9.75 0.0962486770225266 -0.00043253754992767 0 
9.755 0.0962465142437552 -0.000432556656774608 0 
9.76 0.0962443516172356 -0.000432511252427041 0 
9.765 0.0962421888534622 -0.000432576955157901 0 
9.77 0.0962400262153664 -0.000432495584612433 0 
9.775 0.0962378634605287 -0.000432589048752312 0 
9.78 0.096235700815536 -0.000432486249869246 0 
9.785 0.0962335381475966 -0.000432580925882296 0 
9.79 0.0962313753440868 -0.000432523175959626 0 
9.795 0.0962292127366613 -0.000432537095431111 0 
9.8 0.096227049958149 -0.000432557007589138 0 
9.805 0.0962248873314294 -0.000432510981642077 0 
9.81 0.0962227245678104 -0.000432577164170042 0 
9.815 0.0962205619295954 -0.000432495423281186 0 
9.82 0.0962183992564243 -0.000432573845154959 0 
9.825 0.0962162364569528 -0.000432528641395778 0 
9.83 0.0962140738464104 -0.000432532876797842 0 
9.835 0.0962119110703041 -0.000432560263846686 0 
9.84 0.0962097484417274 -0.000432508468218282 0 
9.845 0.0962075856795419 -0.000432579104219045 0 
9.85 0.0962054230402206 -0.000432493925805869 0 
9.855 0.0962032602863289 -0.000432590329143619 0 
9.86 0.096201097640606 -0.000432485261567209 0 
9.865 0.0961989349732302 -0.000432581688727937 0 
9.87 0.0961967721692853 -0.000432522587138155 0 
9.875 0.0961946095621957 -0.00043253754992767 0 
9.88 0.0961924467834242 -0.000432556656774608 0 
9.885 0.0961902841569046 -0.000432511252427041 0 
9.89 0.0961881213931312 -0.000432576955157901 0 
9.895 0.0961859587550355 -0.000432495584612433 0 
9.9 0.0961837960001978 -0.000432589048752312 0 
9.905 0.096181633355205 -0.000432486249869246 0 
9.91 0.0961794706872656 -0.000432580925882296 0 
9.915 0.0961773078837558 -0.000432523175959626 0 
9.92 0.0961751452763303 -0.000432537095431111 0 
9.925 0.0961729824978181 -0.000432557007589138 0 
9.93 0.0961708198710984 -0.000432510981642077 0 
9.935 0.0961686571074794 -0.000432577164170042 0 
9.94 0.0961664944692645 -0.000432495423281186 0 
9.945 0.0961643317960933 -0.000432573845154959 0 
9.95 0.0961621689966219 -0.000432528641395778 0 
9.955 0.0961600063860795 -0.000432532876797842 0 
9.96 0.0961578436099732 -0.000432560263846686 0 
9.965 0.0961556809813965 -0.000432508468218282 0 
9.97 0.096153518219211 -0.000432579104219045 0 
9.975 0.0961513555798896 -0.000432493925805869 0 
9.98 0.096149192825998 -0.000432590329143619 0 
9.985 0.096147030180275 -0.000432485261567209 0 
9.99 0.0961448675128992 -0.000432581688727937 0 
9.995 0.0961427047089544 -0.000432522587138155 0 
10 0.0961405421018647 -0.00043253754992767 0 
