301 4
0.0000e+00 0.0000e+00 0.0000e+00 0.0000e+00 0.0000e+00 0.0000e+00
0.0000e+00 0.0000e+00 0.0000e+00 0.0000e+00 0.0000e+00 0.0000e+00
0.0000e+00 0.0000e+00 0.0000e+00 0.0000e+00 0.0000e+00 0.0000e+00
0.0000e+00 0.0000e+00 0.0000e+00 0.0000e+00 0.0000e+00 0.0000e+00
0.0000e+00 0.0000e+00 0.0000e+00 -1.0789e-04 2.9496e-04 -5.3940e-05
0.0000e+00 0.0000e+00 0.0000e+00 -4.9375e-10 -1.7446e-04 3.4891e-04
0.0000e+00 0.0000e+00 0.0000e+00 1.0789e-04 -2.9497e-04 -5.3938e-05
0.0000e+00 0.0000e+00 0.0000e+00 1.0789e-04 -4.1321e-05 -2.4102e-04
0.0000e+00 0.0000e+00 0.0000e+00 -6.7857e-04 1.7542e-03 -3.3925e-04
0.0000e+00 0.0000e+00 0.0000e+00 -1.4807e-08 -1.0467e-03 2.0935e-03
0.0000e+00 0.0000e+00 0.0000e+00 6.7858e-04 -1.7542e-03 -3.3924e-04
0.0000e+00 0.0000e+00 0.0000e+00 6.7855e-04 -3.1038e-04 -1.4149e-03
0.0000e+00 0.0000e+00 0.0000e+00 -1.0361e-03 4.2553e-03 -2.3739e-03
0.0000e+00 0.0000e+00 0.0000e+00 1.9190e-03 -1.5967e-03 4.7103e-03
0.0000e+00 0.0000e+00 0.0000e+00 1.0361e-03 -4.2553e-03 -2.3739e-03
0.0000e+00 0.0000e+00 0.0000e+00 2.1838e-03 -1.0530e-03 -4.4455e-03
0.0000e+00 0.0000e+00 0.0000e+00 -7.3884e-04 8.5000e-03 -6.8518e-03
0.0000e+00 0.0000e+00 0.0000e+00 3.2541e-03 -1.8480e-03 5.6965e-03
0.0000e+00 0.0000e+00 0.0000e+00 1.4094e-03 -5.2993e-03 -3.6511e-03
0.0000e+00 0.0000e+00 0.0000e+00 5.0799e-03 -2.4841e-03 -1.0272e-02
0.0000e+00 0.0000e+00 0.0000e+00 -9.0345e-04 1.5711e-02 -1.3946e-02
0.0000e+00 0.0000e+00 0.0000e+00 1.1551e-03 -1.6307e-03 3.7720e-03
0.0000e+00 0.0000e+00 0.0000e+00 1.7927e-03 -6.6872e-03 -4.9224e-03
0.0000e+00 0.0000e+00 0.0000e+00 6.2573e-03 -4.3700e-03 -1.6717e-02
0.0000e+00 0.0000e+00 0.0000e+00 -9.1432e-04 2.6323e-02 -2.4617e-02
0.0000e+00 0.0000e+00 0.0000e+00 -2.5292e-03 -1.5980e-03 4.8025e-07
0.0000e+00 0.0000e+00 0.0000e+00 6.2831e-04 -9.6129e-03 -7.9064e-03
0.0000e+00 0.0000e+00 0.0000e+00 7.0724e-03 -8.7261e-03 -2.3819e-02
0.0000e+00 0.0000e+00 0.0000e+00 -7.4558e-04 4.1166e-02 -3.9431e-02
0.0000e+00 0.0000e+00 0.0000e+00 -5.9289e-03 -1.6730e-03 -3.3557e-03
0.0000e+00 0.0000e+00 0.0000e+00 1.2237e-03 -1.3464e-02 -1.1728e-02
0.0000e+00 0.0000e+00 0.0000e+00 9.4703e-03 -1.3125e-02 -3.6650e-02
0.0000e+00 0.0000e+00 0.0000e+00 -9.9496e-04 6.0872e-02 -5.9151e-02
0.0000e+00 0.0000e+00 0.0000e+00 -1.0683e-02 -2.1605e-03 -8.1311e-03
0.0000e+00 0.0000e+00 0.0000e+00 2.7728e-03 -2.0364e-02 -1.8642e-02
0.0000e+00 0.0000e+00 0.0000e+00 1.0683e-02 -1.9187e-02 -5.1521e-02
0.0000e+00 0.0000e+00 0.0000e+00 -7.7268e-04 8.6171e-02 -8.4443e-02
0.0000e+00 0.0000e+00 0.0000e+00 -2.0792e-02 -2.3670e-03 -1.8230e-02
0.0000e+00 0.0000e+00 0.0000e+00 1.2796e-03 -2.9131e-02 -2.7403e-02
0.0000e+00 0.0000e+00 0.0000e+00 9.1530e-03 -2.8579e-02 -6.5905e-02
0.0000e+00 0.0000e+00 0.0000e+00 -8.7310e-04 1.1775e-01 -1.1602e-01
0.0000e+00 0.0000e+00 0.0000e+00 -3.2797e-02 -1.0501e-03 -3.0240e-02
0.0000e+00 0.0000e+00 0.0000e+00 6.9355e-04 -3.9261e-02 -3.7536e-02
0.0000e+00 0.0000e+00 0.0000e+00 7.7476e-03 -3.8485e-02 -8.6185e-02
0.0000e+00 0.0000e+00 0.0000e+00 -9.3743e-04 1.5630e-01 -1.5457e-01
0.0000e+00 0.0000e+00 0.0000e+00 -4.3347e-02 -2.4418e-03 -4.0787e-02
0.0000e+00 0.0000e+00 0.0000e+00 2.2721e-03 -5.2767e-02 -5.1041e-02
0.0000e+00 0.0000e+00 0.0000e+00 9.5073e-03 -5.1584e-02 -1.1342e-01
0.0000e+00 0.0000e+00 0.0000e+00 -7.3489e-04 2.0253e-01 -2.0080e-01
0.0000e+00 0.0000e+00 0.0000e+00 -5.7952e-02 -2.9327e-03 -5.5394e-02
0.0000e+00 0.0000e+00 0.0000e+00 2.4936e-03 -6.8092e-02 -6.6367e-02
0.0000e+00 0.0000e+00 0.0000e+00 1.0171e-02 -6.6580e-02 -1.4536e-01
0.0000e+00 0.0000e+00 0.0000e+00 -9.9098e-04 2.5713e-01 -2.5541e-01
0.0000e+00 0.0000e+00 0.0000e+00 -7.8262e-02 -1.3292e-03 -7.5703e-02
0.0000e+00 0.0000e+00 0.0000e+00 1.5242e-03 -8.5826e-02 -8.4100e-02
0.0000e+00 0.0000e+00 0.0000e+00 8.5634e-03 -8.4895e-02 -1.8008e-01
0.0000e+00 0.0000e+00 0.0000e+00 -7.8854e-04 3.2081e-01 -3.1908e-01
0.0000e+00 0.0000e+00 0.0000e+00 -9.9261e-02 -2.5420e-03 -9.6702e-02
0.0000e+00 0.0000e+00 0.0000e+00 1.2587e-03 -1.0777e-01 -1.0605e-01
0.0000e+00 0.0000e+00 0.0000e+00 8.3724e-03 -1.0680e-01 -2.2173e-01
0.0000e+00 0.0000e+00 0.0000e+00 -8.5257e-04 3.9425e-01 -3.9253e-01
0.0000e+00 0.0000e+00 0.0000e+00 -1.2175e-01 -2.6147e-03 -1.1919e-01
0.0000e+00 0.0000e+00 0.0000e+00 2.6692e-03 -1.3174e-01 -1.3002e-01
0.0000e+00 0.0000e+00 0.0000e+00 1.0310e-02 -1.3022e-01 -2.7377e-01
0.0000e+00 0.0000e+00 0.0000e+00 -9.5375e-04 4.7816e-01 -4.7644e-01
0.0000e+00 0.0000e+00 0.0000e+00 -1.4974e-01 -2.3473e-03 -1.4718e-01
0.0000e+00 0.0000e+00 0.0000e+00 2.9560e-03 -1.5975e-01 -1.5802e-01
0.0000e+00 0.0000e+00 0.0000e+00 1.0346e-02 -1.5849e-01 -3.2957e-01
0.0000e+00 0.0000e+00 0.0000e+00 -7.2976e-04 5.7324e-01 -5.7151e-01
0.0000e+00 0.0000e+00 0.0000e+00 -1.8310e-01 -2.8905e-03 -1.8054e-01
0.0000e+00 0.0000e+00 0.0000e+00 1.2098e-03 -1.9191e-01 -1.9019e-01
0.0000e+00 0.0000e+00 0.0000e+00 8.4414e-03 -1.9081e-01 -3.9057e-01
0.0000e+00 0.0000e+00 0.0000e+00 -9.8270e-04 6.8018e-01 -6.7845e-01
0.0000e+00 0.0000e+00 0.0000e+00 -2.1832e-01 -1.7804e-03 -2.1576e-01
0.0000e+00 0.0000e+00 0.0000e+00 2.0724e-03 -2.2688e-01 -2.2516e-01
0.0000e+00 0.0000e+00 0.0000e+00 9.1769e-03 -2.2591e-01 -4.6333e-01
0.0000e+00 0.0000e+00 0.0000e+00 -8.0679e-04 7.9968e-01 -7.9795e-01
0.0000e+00 0.0000e+00 0.0000e+00 -2.5586e-01 -3.3089e-03 -2.5330e-01
0.0000e+00 0.0000e+00 0.0000e+00 3.3277e-03 -2.6721e-01 -2.6548e-01
0.0000e+00 0.0000e+00 0.0000e+00 1.0885e-02 -2.6578e-01 -5.4490e-01
0.0000e+00 0.0000e+00 0.0000e+00 -8.3197e-04 9.3244e-01 -9.3071e-01
0.0000e+00 0.0000e+00 0.0000e+00 -3.0094e-01 -3.3156e-03 -2.9838e-01
0.0000e+00 0.0000e+00 0.0000e+00 2.5231e-03 -3.1149e-01 -3.0976e-01
0.0000e+00 0.0000e+00 0.0000e+00 9.9607e-03 -3.1018e-01 -6.3261e-01
0.0000e+00 0.0000e+00 0.0000e+00 -9.6807e-04 1.0792e+00 -1.0774e+00
0.0000e+00 0.0000e+00 0.0000e+00 -3.5166e-01 -1.5972e-03 -3.4910e-01
0.0000e+00 0.0000e+00 0.0000e+00 1.9219e-03 -3.5989e-01 -3.5816e-01
0.0000e+00 0.0000e+00 0.0000e+00 8.6043e-03 -3.5933e-01 -7.2916e-01
0.0000e+00 0.0000e+00 0.0000e+00 -7.2770e-04 1.2405e+00 -1.2388e+00
0.0000e+00 0.0000e+00 0.0000e+00 -4.0363e-01 -3.6090e-03 -4.0107e-01
0.0000e+00 0.0000e+00 0.0000e+00 2.3957e-03 -4.1435e-01 -4.1262e-01
0.0000e+00 0.0000e+00 0.0000e+00 9.6072e-03 -4.1327e-01 -8.3802e-01
0.0000e+00 0.0000e+00 0.0000e+00 -9.7163e-04 1.4172e+00 -1.4155e+00
0.0000e+00 0.0000e+00 0.0000e+00 -4.6114e-01 -3.2605e-03 -4.5858e-01
0.0000e+00 0.0000e+00 0.0000e+00 3.7639e-03 -4.7287e-01 -4.7115e-01
0.0000e+00 0.0000e+00 0.0000e+00 1.0958e-02 -4.7181e-01 -9.5806e-01
0.0000e+00 0.0000e+00 0.0000e+00 -8.2635e-04 1.6100e+00 -1.6083e+00
0.0000e+00 0.0000e+00 0.0000e+00 -5.2694e-01 -2.6002e-03 -5.2438e-01
0.0000e+00 0.0000e+00 0.0000e+00 2.7623e-03 -5.3702e-01 -5.3529e-01
0.0000e+00 0.0000e+00 0.0000e+00 9.4290e-03 -5.3648e-01 -1.0852e+00
0.0000e+00 0.0000e+00 0.0000e+00 -8.1211e-04 1.8195e+00 -1.8178e+00
0.0000e+00 0.0000e+00 0.0000e+00 -5.9748e-01 -3.4627e-03 -5.9492e-01
0.0000e+00 0.0000e+00 0.0000e+00 1.7561e-03 -6.0741e-01 -6.0568e-01
0.0000e+00 0.0000e+00 0.0000e+00 8.2121e-03 -6.0708e-01 -1.2236e+00
0.0000e+00 0.0000e+00 0.0000e+00 -9.7990e-04 2.0465e+00 -2.0448e+00
0.0000e+00 0.0000e+00 0.0000e+00 -6.7141e-01 -2.7016e-03 -6.6885e-01
0.0000e+00 0.0000e+00 0.0000e+00 3.6031e-03 -6.8243e-01 -6.8070e-01
0.0000e+00 0.0000e+00 0.0000e+00 9.9068e-03 -6.8225e-01 -1.3779e+00
0.0000e+00 0.0000e+00 0.0000e+00 -7.2886e-04 2.2916e+00 -2.2899e+00
0.0000e+00 0.0000e+00 0.0000e+00 -7.5208e-01 -3.9591e-03 -7.4952e-01
0.0000e+00 0.0000e+00 0.0000e+00 3.7333e-03 -7.6449e-01 -7.6276e-01
0.0000e+00 0.0000e+00 0.0000e+00 1.0197e-02 -7.6415e-01 -1.5424e+00
0.0000e+00 0.0000e+00 0.0000e+00 -9.5797e-04 2.5555e+00 -2.5538e+00
0.0000e+00 0.0000e+00 0.0000e+00 -8.4186e-01 -3.4489e-03 -8.3930e-01
0.0000e+00 0.0000e+00 0.0000e+00 2.6269e-03 -8.5265e-01 -8.5092e-01
0.0000e+00 0.0000e+00 0.0000e+00 8.1971e-03 -8.5320e-01 -1.7164e+00
0.0000e+00 0.0000e+00 0.0000e+00 -8.4678e-04 2.8390e+00 -2.8373e+00
0.0000e+00 0.0000e+00 0.0000e+00 -9.3678e-01 -2.3873e-03 -9.3422e-01
0.0000e+00 0.0000e+00 0.0000e+00 2.6529e-03 -9.4653e-01 -9.4481e-01
0.0000e+00 0.0000e+00 0.0000e+00 7.6904e-03 -9.4762e-01 -1.9063e+00
0.0000e+00 0.0000e+00 0.0000e+00 -7.9346e-04 3.1427e+00 -3.1410e+00
0.0000e+00 0.0000e+00 0.0000e+00 -1.0355e+00 -4.5065e-03 -1.0329e+00
0.0000e+00 0.0000e+00 0.0000e+00 3.7717e-03 -1.0485e+00 -1.0467e+00
0.0000e+00 0.0000e+00 0.0000e+00 9.0375e-03 -1.0493e+00 -2.1111e+00
0.0000e+00 0.0000e+00 0.0000e+00 -9.8895e-04 3.4674e+00 -3.4657e+00
0.0000e+00 0.0000e+00 0.0000e+00 -1.1438e+00 -3.6722e-03 -1.1413e+00
0.0000e+00 0.0000e+00 0.0000e+00 4.1626e-03 -1.1564e+00 -1.1546e+00
0.0000e+00 0.0000e+00 0.0000e+00 8.6119e-03 -1.1581e+00 -2.3283e+00
0.0000e+00 0.0000e+00 0.0000e+00 -7.3320e-04 3.8137e+00 -3.8120e+00
0.0000e+00 0.0000e+00 0.0000e+00 -1.2613e+00 -2.9703e-03 -1.2587e+00
0.0000e+00 0.0000e+00 0.0000e+00 2.5984e-03 -1.2716e+00 -1.2698e+00
0.0000e+00 0.0000e+00 0.0000e+00 6.1879e-03 -1.2741e+00 -2.5581e+00
0.0000e+00 0.0000e+00 0.0000e+00 -9.4205e-04 4.1823e+00 -4.1806e+00
0.0000e+00 0.0000e+00 0.0000e+00 -1.3831e+00 -4.1556e-03 -1.3806e+00
0.0000e+00 0.0000e+00 0.0000e+00 3.1035e-03 -1.3951e+00 -1.3934e+00
0.0000e+00 0.0000e+00 0.0000e+00 6.0738e-03 -1.3983e+00 -2.8046e+00
0.0000e+00 0.0000e+00 0.0000e+00 -8.6760e-04 4.5739e+00 -4.5722e+00
0.0000e+00 0.0000e+00 0.0000e+00 -1.5119e+00 -3.7256e-03 -1.5093e+00
0.0000e+00 0.0000e+00 0.0000e+00 4.6306e-03 -1.5250e+00 -1.5232e+00
0.0000e+00 0.0000e+00 0.0000e+00 7.1655e-03 -1.5286e+00 -3.0695e+00
0.0000e+00 0.0000e+00 0.0000e+00 -7.7646e-04 4.9893e+00 -4.9876e+00
0.0000e+00 0.0000e+00 0.0000e+00 -1.6510e+00 -4.1589e-03 -1.6485e+00
0.0000e+00 0.0000e+00 0.0000e+00 3.8340e-03 -1.6637e+00 -1.6620e+00
0.0000e+00 0.0000e+00 0.0000e+00 5.4265e-03 -1.6683e+00 -3.3462e+00
0.0000e+00 0.0000e+00 0.0000e+00 -9.9500e-04 5.4291e+00 -5.4274e+00
0.0000e+00 0.0000e+00 0.0000e+00 -1.7991e+00 -3.8298e-03 -1.7965e+00
0.0000e+00 0.0000e+00 0.0000e+00 2.9633e-03 -1.8106e+00 -1.8089e+00
0.0000e+00 0.0000e+00 0.0000e+00 3.0220e-03 -1.8167e+00 -3.6383e+00
0.0000e+00 0.0000e+00 0.0000e+00 -7.4061e-04 5.8940e+00 -5.8923e+00
0.0000e+00 0.0000e+00 0.0000e+00 -1.9529e+00 -3.4650e-03 -1.9504e+00
0.0000e+00 0.0000e+00 0.0000e+00 3.7936e-03 -1.9649e+00 -1.9632e+00
0.0000e+00 0.0000e+00 0.0000e+00 3.1357e-03 -1.9717e+00 -3.9518e+00
0.0000e+00 0.0000e+00 0.0000e+00 -9.2426e-04 6.3848e+00 -6.3830e+00
0.0000e+00 0.0000e+00 0.0000e+00 -2.1146e+00 -5.0238e-03 -2.1120e+00
0.0000e+00 0.0000e+00 0.0000e+00 4.9135e-03 -2.1292e+00 -2.1275e+00
0.0000e+00 0.0000e+00 0.0000e+00 3.2665e-03 -2.1370e+00 -4.2813e+00
0.0000e+00 0.0000e+00 0.0000e+00 -8.8830e-04 6.9020e+00 -6.9003e+00
0.0000e+00 0.0000e+00 0.0000e+00 -2.2886e+00 -4.1035e-03 -2.2860e+00
0.0000e+00 0.0000e+00 0.0000e+00 3.9116e-03 -2.3013e+00 -2.2996e+00
0.0000e+00 0.0000e+00 0.0000e+00 5.2030e-04 -2.3108e+00 -4.6263e+00
0.0000e+00 0.0000e+00 0.0000e+00 -7.6151e-04 7.4465e+00 -7.4447e+00
0.0000e+00 0.0000e+00 0.0000e+00 -2.4712e+00 -3.4180e-03 -2.4686e+00
0.0000e+00 0.0000e+00 0.0000e+00 3.1907e-03 -2.4825e+00 -2.4808e+00
0.0000e+00 0.0000e+00 0.0000e+00 -1.9628e-03 -2.4938e+00 -4.9901e+00
0.0000e+00 0.0000e+00 0.0000e+00 -9.9793e-04 8.0188e+00 -8.0171e+00
0.0000e+00 0.0000e+00 0.0000e+00 -2.6596e+00 -5.0721e-03 -2.6571e+00
0.0000e+00 0.0000e+00 0.0000e+00 4.5985e-03 -2.6740e+00 -2.6723e+00
0.0000e+00 0.0000e+00 0.0000e+00 -1.9464e-03 -2.6867e+00 -5.3748e+00
0.0000e+00 0.0000e+00 0.0000e+00 -7.5093e-04 8.6198e+00 -8.6181e+00
0.0000e+00 0.0000e+00 0.0000e+00 -2.8594e+00 -4.4992e-03 -2.8568e+00
0.0000e+00 0.0000e+00 0.0000e+00 5.0490e-03 -2.8737e+00 -2.8719e+00
0.0000e+00 0.0000e+00 0.0000e+00 -3.1182e-03 -2.8880e+00 -5.7792e+00
0.0000e+00 0.0000e+00 0.0000e+00 -9.0502e-04 9.2501e+00 -9.2484e+00
0.0000e+00 0.0000e+00 0.0000e+00 -3.0712e+00 -4.1374e-03 -3.0687e+00
0.0000e+00 0.0000e+00 0.0000e+00 3.9676e-03 -3.0840e+00 -3.0823e+00
0.0000e+00 0.0000e+00 0.0000e+00 -6.8709e-03 -3.1010e+00 -6.1991e+00
0.0000e+00 0.0000e+00 0.0000e+00 -9.0840e-04 9.9104e+00 -9.9087e+00
0.0000e+00 0.0000e+00 0.0000e+00 -3.2914e+00 -4.7122e-03 -3.2888e+00
0.0000e+00 0.0000e+00 0.0000e+00 3.6349e-03 -3.3044e+00 -3.3027e+00
0.0000e+00 0.0000e+00 0.0000e+00 -9.4601e-03 -3.3237e+00 -6.6412e+00
0.0000e+00 0.0000e+00 0.0000e+00 -7.4897e-04 1.0601e+01 -1.0600e+01
0.0000e+00 0.0000e+00 0.0000e+00 -3.5198e+00 -4.3742e-03 -3.5172e+00
0.0000e+00 0.0000e+00 0.0000e+00 5.2138e-03 -3.5341e+00 -3.5324e+00
0.0000e+00 0.0000e+00 0.0000e+00 -1.0003e-02 -3.5554e+00 -7.1076e+00
0.0000e+00 0.0000e+00 0.0000e+00 -9.9765e-04 1.1324e+01 -1.1322e+01
0.0000e+00 0.0000e+00 0.0000e+00 -3.7602e+00 -5.3387e-03 -3.7577e+00
0.0000e+00 0.0000e+00 0.0000e+00 5.3051e-03 -3.7756e+00 -3.7739e+00
0.0000e+00 0.0000e+00 0.0000e+00 -1.2770e-02 -3.7998e+00 -7.5913e+00
0.0000e+00 0.0000e+00 0.0000e+00 -7.6391e-04 1.2078e+01 -1.2077e+01
0.0000e+00 0.0000e+00 0.0000e+00 -4.0138e+00 -4.5967e-03 -4.0112e+00
0.0000e+00 0.0000e+00 0.0000e+00 3.7389e-03 -4.0268e+00 -4.0251e+00
0.0000e+00 0.0000e+00 0.0000e+00 -1.7620e-02 -4.0543e+00 -8.0957e+00
0.0000e+00 0.0000e+00 0.0000e+00 -8.8477e-04 1.2866e+01 -1.2864e+01
0.0000e+00 0.0000e+00 0.0000e+00 -4.2757e+00 -4.0357e-03 -4.2731e+00
0.0000e+00 0.0000e+00 0.0000e+00 4.5425e-03 -4.2890e+00 -4.2872e+00
0.0000e+00 0.0000e+00 0.0000e+00 -2.0246e-02 -4.3199e+00 -8.6248e+00
0.0000e+00 0.0000e+00 0.0000e+00 -9.2743e-04 1.3686e+01 -1.3685e+01
0.0000e+00 0.0000e+00 0.0000e+00 -4.5469e+00 -6.0719e-03 -4.5443e+00
0.0000e+00 0.0000e+00 0.0000e+00 5.6142e-03 -4.5633e+00 -4.5615e+00
0.0000e+00 0.0000e+00 0.0000e+00 -2.2135e-02 -4.5971e+00 -9.1773e+00
0.0000e+00 0.0000e+00 0.0000e+00 -7.3913e-04 1.4541e+01 -1.4540e+01
0.0000e+00 0.0000e+00 0.0000e+00 -4.8329e+00 -4.8082e-03 -4.8304e+00
0.0000e+00 0.0000e+00 0.0000e+00 5.1814e-03 -4.8476e+00 -4.8459e+00
0.0000e+00 0.0000e+00 0.0000e+00 -2.6719e-02 -4.8856e+00 -9.7511e+00
0.0000e+00 0.0000e+00 0.0000e+00 -9.9418e-04 1.5431e+01 -1.5430e+01
0.0000e+00 0.0000e+00 0.0000e+00 -5.1311e+00 -4.4041e-03 -5.1285e+00
0.0000e+00 0.0000e+00 0.0000e+00 4.2714e-03 -5.1445e+00 -5.1427e+00
0.0000e+00 0.0000e+00 0.0000e+00 -3.2377e-02 -5.1872e+00 -1.0346e+01
0.0000e+00 0.0000e+00 0.0000e+00 -7.7923e-04 1.6357e+01 -1.6355e+01
0.0000e+00 0.0000e+00 0.0000e+00 -5.4380e+00 -5.8246e-03 -5.4354e+00
0.0000e+00 0.0000e+00 0.0000e+00 4.7854e-03 -5.4533e+00 -5.4516e+00
0.0000e+00 0.0000e+00 0.0000e+00 -3.5871e-02 -5.5001e+00 -1.0969e+01
0.0000e+00 0.0000e+00 0.0000e+00 -8.6401e-04 1.7319e+01 -1.7317e+01
0.0000e+00 0.0000e+00 0.0000e+00 -5.7572e+00 -4.9584e-03 -5.7546e+00
0.0000e+00 0.0000e+00 0.0000e+00 6.3605e-03 -5.7732e+00 -5.7715e+00
0.0000e+00 0.0000e+00 0.0000e+00 -3.9229e-02 -5.8250e+00 -1.1618e+01
0.0000e+00 0.0000e+00 0.0000e+00 -9.4492e-04 1.8317e+01 -1.8316e+01
0.0000e+00 0.0000e+00 0.0000e+00 -6.0913e+00 -5.6505e-03 -6.0887e+00
0.0000e+00 0.0000e+00 0.0000e+00 5.0533e-03 -6.1067e+00 -6.1050e+00
0.0000e+00 0.0000e+00 0.0000e+00 -4.6022e-02 -6.1639e+00 -1.2287e+01
0.0000e+00 0.0000e+00 0.0000e+00 -7.3222e-04 1.9354e+01 -1.9352e+01
0.0000e+00 0.0000e+00 0.0000e+00 -6.4379e+00 -5.1411e-03 -6.4353e+00
0.0000e+00 0.0000e+00 0.0000e+00 4.3389e-03 -6.4520e+00 -6.4503e+00
0.0000e+00 0.0000e+00 0.0000e+00 -5.2731e-02 -6.5152e+00 -1.2983e+01
0.0000e+00 0.0000e+00 0.0000e+00 -9.8759e-04 2.0428e+01 -2.0427e+01
0.0000e+00 0.0000e+00 0.0000e+00 -6.7943e+00 -4.9367e-03 -6.7918e+00
0.0000e+00 0.0000e+00 0.0000e+00 5.9999e-03 -6.8100e+00 -6.8082e+00
0.0000e+00 0.0000e+00 0.0000e+00 -5.7085e-02 -6.8792e+00 -1.3708e+01
0.0000e+00 0.0000e+00 0.0000e+00 -7.9654e-04 2.1542e+01 -2.1541e+01
0.0000e+00 0.0000e+00 0.0000e+00 -7.1644e+00 -6.7615e-03 -7.1618e+00
0.0000e+00 0.0000e+00 0.0000e+00 6.0873e-03 -7.1819e+00 -7.1802e+00
0.0000e+00 0.0000e+00 0.0000e+00 -6.3142e-02 -7.2573e+00 -1.4458e+01
0.0000e+00 0.0000e+00 0.0000e+00 -8.4322e-04 2.2696e+01 -2.2694e+01
0.0000e+00 0.0000e+00 0.0000e+00 -7.5510e+00 -4.9332e-03 -7.5484e+00
0.0000e+00 0.0000e+00 0.0000e+00 5.2868e-03 -7.5659e+00 -7.5642e+00
0.0000e+00 0.0000e+00 0.0000e+00 -7.1821e-02 -7.6492e+00 -1.5233e+01
0.0000e+00 0.0000e+00 0.0000e+00 -9.6047e-04 2.3890e+01 -2.3888e+01
0.0000e+00 0.0000e+00 0.0000e+00 -7.9492e+00 -5.1648e-03 -7.9467e+00
0.0000e+00 0.0000e+00 0.0000e+00 4.9258e-03 -7.9640e+00 -7.9623e+00
0.0000e+00 0.0000e+00 0.0000e+00 -7.9793e-02 -8.0549e+00 -1.6036e+01
0.0000e+00 0.0000e+00 0.0000e+00 -7.2842e-04 2.5125e+01 -2.5124e+01
0.0000e+00 0.0000e+00 0.0000e+00 -8.3586e+00 -6.7439e-03 -8.3560e+00
0.0000e+00 0.0000e+00 0.0000e+00 6.2474e-03 -8.3763e+00 -8.3745e+00
0.0000e+00 0.0000e+00 0.0000e+00 -8.6125e-02 -8.4748e+00 -1.6870e+01
0.0000e+00 0.0000e+00 0.0000e+00 -9.7805e-04 2.6403e+01 -2.6401e+01
0.0000e+00 0.0000e+00 0.0000e+00 -8.7845e+00 -5.3920e-03 -8.7820e+00
0.0000e+00 0.0000e+00 0.0000e+00 6.7066e-03 -8.8013e+00 -8.7996e+00
0.0000e+00 0.0000e+00 0.0000e+00 -9.4711e-02 -8.9089e+00 -1.7731e+01
0.0000e+00 0.0000e+00 0.0000e+00 -8.1543e-04 2.7722e+01 -2.7721e+01
0.0000e+00 0.0000e+00 0.0000e+00 -9.2261e+00 -5.9675e-03 -9.2235e+00
0.0000e+00 0.0000e+00 0.0000e+00 4.9287e-03 -9.2417e+00 -9.2400e+00
0.0000e+00 0.0000e+00 0.0000e+00 -1.0600e-01 -9.3588e+00 -1.8618e+01
0.0000e+00 0.0000e+00 0.0000e+00 -8.2290e-04 2.9085e+01 -2.9084e+01
0.0000e+00 0.0000e+00 0.0000e+00 -9.6798e+00 -5.8869e-03 -9.6773e+00
0.0000e+00 0.0000e+00 0.0000e+00 5.6523e-03 -9.6961e+00 -9.6943e+00
0.0000e+00 0.0000e+00 0.0000e+00 -1.1539e-01 -9.8232e+00 -1.9537e+01
0.0000e+00 0.0000e+00 0.0000e+00 -9.7370e-04 3.0492e+01 -3.0491e+01
0.0000e+00 0.0000e+00 0.0000e+00 -1.0147e+01 -5.9265e-03 -1.0144e+01
0.0000e+00 0.0000e+00 0.0000e+00 7.0087e-03 -1.0165e+01 -1.0163e+01
0.0000e+00 0.0000e+00 0.0000e+00 -1.2422e-01 -1.0302e+01 -2.0488e+01
0.0000e+00 0.0000e+00 0.0000e+00 -7.2781e-04 3.1944e+01 -3.1942e+01
0.0000e+00 0.0000e+00 0.0000e+00 -1.0631e+01 -6.9583e-03 -1.0629e+01
0.0000e+00 0.0000e+00 0.0000e+00 6.2850e-03 -1.0649e+01 -1.0647e+01
0.0000e+00 0.0000e+00 0.0000e+00 -1.3637e-01 -1.0798e+01 -2.1466e+01
0.0000e+00 0.0000e+00 0.0000e+00 -9.6577e-04 3.3441e+01 -3.3439e+01
0.0000e+00 0.0000e+00 0.0000e+00 -1.1132e+01 -5.3795e-03 -1.1129e+01
0.0000e+00 0.0000e+00 0.0000e+00 5.5074e-03 -1.1148e+01 -1.1146e+01
0.0000e+00 0.0000e+00 0.0000e+00 -1.4984e-01 -1.1309e+01 -2.2475e+01
0.0000e+00 0.0000e+00 0.0000e+00 -8.3544e-04 3.4984e+01 -3.4982e+01
0.0000e+00 0.0000e+00 0.0000e+00 -1.1645e+01 -6.1232e-03 -1.1642e+01
0.0000e+00 0.0000e+00 0.0000e+00 6.1238e-03 -1.1662e+01 -1.1660e+01
0.0000e+00 0.0000e+00 0.0000e+00 -1.6158e-01 -1.1836e+01 -2.3518e+01
0.0000e+00 0.0000e+00 0.0000e+00 -8.0353e-04 3.6574e+01 -3.6572e+01
0.0000e+00 0.0000e+00 0.0000e+00 -1.2173e+01 -7.3651e-03 -1.2170e+01
0.0000e+00 0.0000e+00 0.0000e+00 7.3948e-03 -1.2192e+01 -1.2191e+01
0.0000e+00 0.0000e+00 0.0000e+00 -1.7375e-01 -1.2380e+01 -2.4593e+01
0.0000e+00 0.0000e+00 0.0000e+00 -9.8431e-04 3.8211e+01 -3.8209e+01
0.0000e+00 0.0000e+00 0.0000e+00 -1.2721e+01 -5.8125e-03 -1.2718e+01
0.0000e+00 0.0000e+00 0.0000e+00 6.4244e-03 -1.2737e+01 -1.2736e+01
0.0000e+00 0.0000e+00 0.0000e+00 -1.8951e-01 -1.2940e+01 -2.5698e+01
0.0000e+00 0.0000e+00 0.0000e+00 -7.3041e-04 3.9896e+01 -3.9895e+01
0.0000e+00 0.0000e+00 0.0000e+00 -1.3283e+01 -6.3221e-03 -1.3281e+01
0.0000e+00 0.0000e+00 0.0000e+00 5.5798e-03 -1.3300e+01 -1.3298e+01
0.0000e+00 0.0000e+00 0.0000e+00 -2.0589e-01 -1.3517e+01 -2.6835e+01
0.0000e+00 0.0000e+00 0.0000e+00 -9.5106e-04 4.1630e+01 -4.1629e+01
0.0000e+00 0.0000e+00 0.0000e+00 -1.3859e+01 -6.9424e-03 -1.3857e+01
0.0000e+00 0.0000e+00 0.0000e+00 7.0422e-03 -1.3878e+01 -1.3876e+01
0.0000e+00 0.0000e+00 0.0000e+00 -2.2040e-01 -1.4111e+01 -2.8010e+01
0.0000e+00 0.0000e+00 0.0000e+00 -8.5611e-04 4.3414e+01 -4.3413e+01
0.0000e+00 0.0000e+00 0.0000e+00 -1.4453e+01 -6.5811e-03 -1.4451e+01
0.0000e+00 0.0000e+00 0.0000e+00 7.5347e-03 -1.4472e+01 -1.4470e+01
0.0000e+00 0.0000e+00 0.0000e+00 -2.3682e-01 -1.4722e+01 -2.9218e+01
0.0000e+00 0.0000e+00 0.0000e+00 -7.8557e-04 4.5248e+01 -4.5247e+01
0.0000e+00 0.0000e+00 0.0000e+00 -1.5066e+01 -6.9928e-03 -1.5063e+01
0.0000e+00 0.0000e+00 0.0000e+00 6.3926e-03 -1.5084e+01 -1.5082e+01
0.0000e+00 0.0000e+00 0.0000e+00 -2.5669e-01 -1.5353e+01 -3.0456e+01
0.0000e+00 0.0000e+00 0.0000e+00 -9.9204e-04 4.7133e+01 -4.7132e+01
0.0000e+00 0.0000e+00 0.0000e+00 -1.5695e+01 -6.2979e-03 -1.5692e+01
0.0000e+00 0.0000e+00 0.0000e+00 6.1064e-03 -1.5712e+01 -1.5710e+01
0.0000e+00 0.0000e+00 0.0000e+00 -2.7622e-01 -1.6000e+01 -3.1732e+01
0.0000e+00 0.0000e+00 0.0000e+00 -7.3615e-04 4.9070e+01 -4.9068e+01
0.0000e+00 0.0000e+00 0.0000e+00 -1.6338e+01 -6.9018e-03 -1.6335e+01
0.0000e+00 0.0000e+00 0.0000e+00 7.6479e-03 -1.6357e+01 -1.6356e+01
0.0000e+00 0.0000e+00 0.0000e+00 -2.9457e-01 -1.6666e+01 -3.3046e+01
0.0000e+00 0.0000e+00 0.0000e+00 -9.3425e-04 5.1059e+01 -5.1057e+01
0.0000e+00 0.0000e+00 0.0000e+00 -1.7001e+01 -7.8470e-03 -1.6998e+01
0.0000e+00 0.0000e+00 0.0000e+00 7.7061e-03 -1.7021e+01 -1.7019e+01
0.0000e+00 0.0000e+00 0.0000e+00 -3.1595e-01 -1.7351e+01 -3.4393e+01
0.0000e+00 0.0000e+00 0.0000e+00 -8.7693e-04 5.3101e+01 -5.3099e+01
0.0000e+00 0.0000e+00 0.0000e+00 -1.7684e+01 -6.2020e-03 -1.7681e+01
0.0000e+00 0.0000e+00 0.0000e+00 6.3130e-03 -1.7701e+01 -1.7699e+01
0.0000e+00 0.0000e+00 0.0000e+00 -3.4031e-01 -1.8054e+01 -3.5776e+01
0.0000e+00 0.0000e+00 0.0000e+00 -7.6945e-04 5.5196e+01 -5.5195e+01
0.0000e+00 0.0000e+00 0.0000e+00 -1.8381e+01 -6.9212e-03 -1.8379e+01
0.0000e+00 0.0000e+00 0.0000e+00 6.8914e-03 -1.8400e+01 -1.8398e+01
0.0000e+00 0.0000e+00 0.0000e+00 -3.6360e-01 -1.8776e+01 -3.7197e+01
0.0000e+00 0.0000e+00 0.0000e+00 -9.9670e-04 5.7347e+01 -5.7345e+01
0.0000e+00 0.0000e+00 0.0000e+00 -1.9096e+01 -8.0544e-03 -1.9093e+01
0.0000e+00 0.0000e+00 0.0000e+00 8.0302e-03 -1.9117e+01 -1.9115e+01
0.0000e+00 0.0000e+00 0.0000e+00 -3.8692e-01 -1.9518e+01 -3.8658e+01
0.0000e+00 0.0000e+00 0.0000e+00 -7.4489e-04 5.9552e+01 -5.9550e+01
0.0000e+00 0.0000e+00 0.0000e+00 -1.9832e+01 -6.7579e-03 -1.9829e+01
0.0000e+00 0.0000e+00 0.0000e+00 7.7781e-03 -1.9851e+01 -1.9849e+01
0.0000e+00 0.0000e+00 0.0000e+00 -4.1389e-01 -2.0279e+01 -4.0154e+01
0.0000e+00 0.0000e+00 0.0000e+00 -9.1575e-04 6.1813e+01 -6.1811e+01
0.0000e+00 0.0000e+00 0.0000e+00 -2.0587e+01 -7.3574e-03 -2.0584e+01
0.0000e+00 0.0000e+00 0.0000e+00 6.5730e-03 -2.0606e+01 -2.0604e+01
0.0000e+00 0.0000e+00 0.0000e+00 -4.4321e-01 -2.1061e+01 -4.1687e+01
0.0000e+00 0.0000e+00 0.0000e+00 -8.9743e-04 6.4130e+01 -6.4129e+01
0.0000e+00 0.0000e+00 0.0000e+00 -2.1358e+01 -7.3746e-03 -2.1356e+01
0.0000e+00 0.0000e+00 0.0000e+00 7.3122e-03 -2.1378e+01 -2.1376e+01
0.0000e+00 0.0000e+00 0.0000e+00 -4.7125e-01 -2.1862e+01 -4.3263e+01
0.0000e+00 0.0000e+00 0.0000e+00 -7.5554e-04 6.6505e+01 -6.6504e+01
0.0000e+00 0.0000e+00 0.0000e+00 -2.2148e+01 -7.4432e-03 -2.2146e+01
0.0000e+00 0.0000e+00 0.0000e+00 8.8066e-03 -2.2169e+01 -2.2167e+01
0.0000e+00 0.0000e+00 0.0000e+00 -5.0031e-01 -2.2684e+01 -4.4879e+01
0.0000e+00 0.0000e+00 0.0000e+00 -9.9819e-04 6.8938e+01 -6.8936e+01
0.0000e+00 0.0000e+00 0.0000e+00 -2.2960e+01 -8.2650e-03 -2.2958e+01
0.0000e+00 0.0000e+00 0.0000e+00 7.4206e-03 -2.2981e+01 -2.2979e+01
0.0000e+00 0.0000e+00 0.0000e+00 -5.3393e-01 -2.3528e+01 -4.6531e+01
0.0000e+00 0.0000e+00 0.0000e+00 -7.5644e-04 7.1429e+01 -7.1428e+01
0.0000e+00 0.0000e+00 0.0000e+00 -2.3792e+01 -6.6408e-03 -2.3790e+01
0.0000e+00 0.0000e+00 0.0000e+00 6.9649e-03 -2.3810e+01 -2.3809e+01
0.0000e+00 0.0000e+00 0.0000e+00 -5.6858e-01 -2.4392e+01 -4.8225e+01
0.0000e+00 0.0000e+00 0.0000e+00 -8.9600e-04 7.3980e+01 -7.3978e+01
0.0000e+00 0.0000e+00 0.0000e+00 -2.4640e+01 -7.8599e-03 -2.4638e+01
0.0000e+00 0.0000e+00 0.0000e+00 8.2584e-03 -2.4661e+01 -2.4659e+01
0.0000e+00 0.0000e+00 0.0000e+00 -6.0230e-01 -2.5278e+01 -4.9962e+01
0.0000e+00 0.0000e+00 0.0000e+00 -9.1710e-04 7.6591e+01 -7.6589e+01
0.0000e+00 0.0000e+00 0.0000e+00 -2.5509e+01 -8.7782e-03 -2.5507e+01
0.0000e+00 0.0000e+00 0.0000e+00 8.5971e-03 -2.5531e+01 -2.5530e+01
0.0000e+00 0.0000e+00 0.0000e+00 -6.3866e-01 -2.6185e+01 -5.1741e+01
0.0000e+00 0.0000e+00 0.0000e+00 -7.4418e-04 7.9262e+01 -7.9260e+01
0.0000e+00 0.0000e+00 0.0000e+00 -2.6402e+01 -6.8292e-03 -2.6399e+01
0.0000e+00 0.0000e+00 0.0000e+00 7.8589e-03 -2.6421e+01 -2.6420e+01
0.0000e+00 0.0000e+00 0.0000e+00 -6.7902e-01 -2.7114e+01 -5.3559e+01
0.0000e+00 0.0000e+00 0.0000e+00 -9.9647e-04 8.1995e+01 -8.1993e+01
0.0000e+00 0.0000e+00 0.0000e+00 -2.7313e+01 -8.1504e-03 -2.7310e+01
0.0000e+00 0.0000e+00 0.0000e+00 7.1717e-03 -2.7333e+01 -2.7331e+01
0.0000e+00 0.0000e+00 0.0000e+00 -7.2019e-01 -2.8066e+01 -5.5421e+01
0.0000e+00 0.0000e+00 0.0000e+00 -7.7052e-04 8.4790e+01 -8.4788e+01
0.0000e+00 0.0000e+00 0.0000e+00 -2.8242e+01 -8.2816e-03 -2.8240e+01
0.0000e+00 0.0000e+00 0.0000e+00 8.8480e-03 -2.8264e+01 -2.8263e+01
0.0000e+00 0.0000e+00 0.0000e+00 -7.6076e-01 -2.9040e+01 -5.7330e+01
0.0000e+00 0.0000e+00 0.0000e+00 -8.7546e-04 8.7647e+01 -8.7646e+01
0.0000e+00 0.0000e+00 0.0000e+00 -2.9195e+01 -7.8802e-03 -2.9192e+01
0.0000e+00 0.0000e+00 0.0000e+00 9.0995e-03 -2.9217e+01 -2.9215e+01
0.0000e+00 0.0000e+00 0.0000e+00 -8.0513e-01 -3.0037e+01 -5.9280e+01
0.0000e+00 0.0000e+00 0.0000e+00 -9.3549e-04 9.0569e+01 -9.0567e+01
0.0000e+00 0.0000e+00 0.0000e+00 -3.0170e+01 -8.5879e-03 -3.0168e+01
0.0000e+00 0.0000e+00 0.0000e+00 7.3501e-03 -3.0191e+01 -3.0189e+01
0.0000e+00 0.0000e+00 0.0000e+00 -8.5360e-01 -3.1058e+01 -6.1271e+01
0.0000e+00 0.0000e+00 0.0000e+00 -7.3563e-04 9.3554e+01 -9.3552e+01
0.0000e+00 0.0000e+00 0.0000e+00 -3.1165e+01 -7.3811e-03 -3.1163e+01
0.0000e+00 0.0000e+00 0.0000e+00 8.2190e-03 -3.1185e+01 -3.1184e+01
0.0000e+00 0.0000e+00 0.0000e+00 -9.0162e-01 -3.2101e+01 -6.3311e+01
0.0000e+00 0.0000e+00 0.0000e+00 -9.9158e-04 9.6604e+01 -9.6603e+01
0.0000e+00 0.0000e+00 0.0000e+00 -3.2180e+01 -8.8301e-03 -3.2177e+01
0.0000e+00 0.0000e+00 0.0000e+00 9.2778e-03 -3.2202e+01 -3.2201e+01
0.0000e+00 0.0000e+00 0.0000e+00 -9.5068e-01 -3.3169e+01 -6.5398e+01
0.0000e+00 0.0000e+00 0.0000e+00 -7.8678e-04 9.9720e+01 -9.9718e+01
0.0000e+00 0.0000e+00 0.0000e+00 -3.3219e+01 -9.0166e-03 -3.3216e+01
0.0000e+00 0.0000e+00 0.0000e+00 8.8664e-03 -3.3241e+01 -3.3240e+01
0.0000e+00 0.0000e+00 0.0000e+00 -1.0044e+00 -3.4261e+01 -6.7527e+01
0.0000e+00 0.0000e+00 0.0000e+00 -8.5463e-04 1.0290e+02 -1.0290e+02
0.0000e+00 0.0000e+00 0.0000e+00 -3.4282e+01 -7.2609e-03 -3.4279e+01
0.0000e+00 0.0000e+00 0.0000e+00 7.9761e-03 -3.4301e+01 -3.4300e+01
0.0000e+00 0.0000e+00 0.0000e+00 -1.0611e+00 -3.5377e+01 -6.9702e+01
0.0000e+00 0.0000e+00 0.0000e+00 -9.5216e-04 1.0615e+02 -1.0615e+02
0.0000e+00 0.0000e+00 0.0000e+00 -3.5363e+01 -9.0565e-03 -3.5360e+01
0.0000e+00 0.0000e+00 0.0000e+00 8.4365e-03 -3.5385e+01 -3.5383e+01
0.0000e+00 0.0000e+00 0.0000e+00 -1.1179e+00 -3.6518e+01 -7.1927e+01
0.0000e+00 0.0000e+00 0.0000e+00 -7.3011e-04 1.0947e+02 -1.0947e+02
0.0000e+00 0.0000e+00 0.0000e+00 -3.6467e+01 -8.9973e-03 -3.6464e+01
0.0000e+00 0.0000e+00 0.0000e+00 9.9682e-03 -3.6491e+01 -3.6489e+01
0.0000e+00 0.0000e+00 0.0000e+00 -1.1764e+00 -3.7683e+01 -7.4201e+01
0.0000e+00 0.0000e+00 0.0000e+00 -9.8364e-04 1.1285e+02 -1.1285e+02
0.0000e+00 0.0000e+00 0.0000e+00 -3.7597e+01 -8.2286e-03 -3.7594e+01
0.0000e+00 0.0000e+00 0.0000e+00 8.8309e-03 -3.7619e+01 -3.7617e+01
0.0000e+00 0.0000e+00 0.0000e+00 -1.2405e+00 -3.8874e+01 -7.6519e+01
0.0000e+00 0.0000e+00 0.0000e+00 -8.0485e-04 1.1631e+02 -1.1631e+02
0.0000e+00 0.0000e+00 0.0000e+00 -3.8749e+01 -8.9522e-03 -3.8747e+01
0.0000e+00 0.0000e+00 0.0000e+00 8.0221e-03 -3.8771e+01 -3.8769e+01
0.0000e+00 0.0000e+00 0.0000e+00 -1.3069e+00 -4.0092e+01 -7.8886e+01
0.0000e+00 0.0000e+00 0.0000e+00 -8.3399e-04 1.1983e+02 -1.1983e+02
0.0000e+00 0.0000e+00 0.0000e+00 -3.9922e+01 -8.4897e-03 -3.9920e+01
0.0000e+00 0.0000e+00 0.0000e+00 9.5177e-03 -3.9945e+01 -3.9943e+01
0.0000e+00 0.0000e+00 0.0000e+00 -1.3731e+00 -4.1334e+01 -8.1306e+01
0.0000e+00 0.0000e+00 0.0000e+00 -9.6671e-04 1.2343e+02 -1.2342e+02
0.0000e+00 0.0000e+00 0.0000e+00 -4.1119e+01 -9.3825e-03 -4.1117e+01
0.0000e+00 0.0000e+00 0.0000e+00 9.9282e-03 -4.1143e+01 -4.1142e+01
0.0000e+00 0.0000e+00 0.0000e+00 -1.4432e+00 -4.2602e+01 -8.3774e+01
0.0000e+00 0.0000e+00 0.0000e+00 -7.2774e-04 1.2709e+02 -1.2709e+02
0.0000e+00 0.0000e+00 0.0000e+00 -4.2343e+01 -9.1738e-03 -4.2340e+01
0.0000e+00 0.0000e+00 0.0000e+00 8.9053e-03 -4.2366e+01 -4.2364e+01
0.0000e+00 0.0000e+00 0.0000e+00 -1.5184e+00 -4.3899e+01 -8.6289e+01
0.0000e+00 0.0000e+00 0.0000e+00 -9.7284e-04 1.3083e+02 -1.3083e+02
0.0000e+00 0.0000e+00 0.0000e+00 -4.3589e+01 -8.0991e-03 -4.3587e+01
0.0000e+00 0.0000e+00 0.0000e+00 8.5555e-03 -4.3611e+01 -4.3609e+01
0.0000e+00 0.0000e+00 0.0000e+00 -1.5954e+00 -4.5221e+01 -8.8858e+01
0.0000e+00 0.0000e+00 0.0000e+00 -8.2430e-04 1.3464e+02 -1.3464e+02
0.0000e+00 0.0000e+00 0.0000e+00 -4.4857e+01 -9.8068e-03 -4.4854e+01
0.0000e+00 0.0000e+00 0.0000e+00 1.0023e-02 -4.4881e+01 -4.4880e+01
0.0000e+00 0.0000e+00 0.0000e+00 -1.6732e+00 -4.6571e+01 -9.1480e+01
0.0000e+00 0.0000e+00 0.0000e+00 -8.1404e-04 1.3852e+02 -1.3852e+02
0.0000e+00 0.0000e+00 0.0000e+00 -4.6151e+01 -9.6144e-03 -4.6149e+01
0.0000e+00 0.0000e+00 0.0000e+00 1.0209e-02 -4.6176e+01 -4.6174e+01
0.0000e+00 0.0000e+00 0.0000e+00 -1.7559e+00 -4.7948e+01 -9.4152e+01
0.0000e+00 0.0000e+00 0.0000e+00 -9.7880e-04 1.4248e+02 -1.4248e+02
0.0000e+00 0.0000e+00 0.0000e+00 -4.7473e+01 -8.4575e-03 -4.7470e+01
0.0000e+00 0.0000e+00 0.0000e+00 8.8086e-03 -4.7494e+01 -4.7493e+01
0.0000e+00 0.0000e+00 0.0000e+00 -1.8437e+00 -4.9353e+01 -9.6875e+01
0.0000e+00 0.0000e+00 0.0000e+00 -7.2857e-04 1.4651e+02 -1.4651e+02
0.0000e+00 0.0000e+00 0.0000e+00 -4.8816e+01 -9.6480e-03 -4.8813e+01
0.0000e+00 0.0000e+00 0.0000e+00 9.2421e-03 -4.8839e+01 -4.8838e+01
0.0000e+00 0.0000e+00 0.0000e+00 -1.9326e+00 -5.0787e+01 -9.9652e+01
0.0000e+00 0.0000e+00 0.0000e+00 -9.5942e-04 1.5062e+02 -1.5062e+02
0.0000e+00 0.0000e+00 0.0000e+00 -5.0183e+01 -9.6030e-03 -5.0180e+01
0.0000e+00 0.0000e+00 0.0000e+00 1.0530e-02 -5.0208e+01 -5.0206e+01
0.0000e+00 0.0000e+00 0.0000e+00 -2.0236e+00 -5.2248e+01 -1.0249e+02
0.0000e+00 0.0000e+00 0.0000e+00 -8.4467e-04 1.5480e+02 -1.5480e+02
0.0000e+00 0.0000e+00 0.0000e+00 -5.1578e+01 -9.4731e-03 -5.1575e+01
0.0000e+00 0.0000e+00 0.0000e+00 1.0251e-02 -5.1602e+01 -5.1601e+01
0.0000e+00 0.0000e+00 0.0000e+00 -2.1204e+00 -5.3739e+01 -1.0537e+02
0.0000e+00 0.0000e+00 0.0000e+00 -7.9524e-04 1.5906e+02 -1.5906e+02
0.0000e+00 0.0000e+00 0.0000e+00 -5.3000e+01 -9.6783e-03 -5.2997e+01
0.0000e+00 0.0000e+00 0.0000e+00 8.9621e-03 -5.3023e+01 -5.3021e+01
0.0000e+00 0.0000e+00 0.0000e+00 -2.2219e+00 -5.5260e+01 -1.0831e+02
0.0000e+00 0.0000e+00 0.0000e+00 -9.8814e-04 1.6340e+02 -1.6340e+02
0.0000e+00 0.0000e+00 0.0000e+00 -5.4445e+01 -9.0373e-03 -5.4442e+01
0.0000e+00 0.0000e+00 0.0000e+00 9.8475e-03 -5.4468e+01 -5.4466e+01
0.0000e+00 0.0000e+00 0.0000e+00 -2.3244e+00 -5.6809e+01 -1.1131e+02
0.0000e+00 0.0000e+00 0.0000e+00 -7.3259e-04 1.6782e+02 -1.6782e+02
0.0000e+00 0.0000e+00 0.0000e+00 -5.5915e+01 -1.0409e-02 -5.5912e+01
0.0000e+00 0.0000e+00 0.0000e+00 1.1146e-02 -5.5941e+01 -5.5939e+01
0.0000e+00 0.0000e+00 0.0000e+00 -2.4303e+00 -5.8388e+01 -1.1436e+02
0.0000e+00 0.0000e+00 0.0000e+00 -9.4372e-04 1.7231e+02 -1.7231e+02
0.0000e+00 0.0000e+00 0.0000e+00 -5.7414e+01 -1.0090e-02 -5.7412e+01
0.0000e+00 0.0000e+00 0.0000e+00 9.9337e-03 -5.7439e+01 -5.7437e+01
0.0000e+00 0.0000e+00 0.0000e+00 -2.5431e+00 -5.9998e+01 -1.1747e+02
0.0000e+00 0.0000e+00 0.0000e+00 -8.6547e-04 1.7689e+02 -1.7689e+02
0.0000e+00 0.0000e+00 0.0000e+00 -5.8940e+01 -8.7629e-03 -5.8938e+01
0.0000e+00 0.0000e+00 0.0000e+00 9.4905e-03 -5.8963e+01 -5.8962e+01
0.0000e+00 0.0000e+00 0.0000e+00 -2.6594e+00 -6.1638e+01 -1.2063e+02
0.0000e+00 0.0000e+00 0.0000e+00 -7.7806e-04 1.8154e+02 -1.8154e+02
0.0000e+00 0.0000e+00 0.0000e+00 -6.0490e+01 -1.0706e-02 -6.0487e+01
0.0000e+00 0.0000e+00 0.0000e+00 1.0512e-02 -6.0516e+01 -6.0514e+01
0.0000e+00 0.0000e+00 0.0000e+00 -2.7774e+00 -6.3310e+01 -1.2385e+02
0.0000e+00 0.0000e+00 0.0000e+00 -9.9451e-04 1.8628e+02 -1.8628e+02
0.0000e+00 0.0000e+00 0.0000e+00 -6.2067e+01 -1.0276e-02 -6.2065e+01
0.0000e+00 0.0000e+00 0.0000e+00 1.1217e-02 -6.2093e+01 -6.2092e+01
0.0000e+00 0.0000e+00 0.0000e+00 -2.9004e+00 -6.5011e+01 -1.2714e+02
0.0000e+00 0.0000e+00 0.0000e+00 -7.3971e-04 1.9109e+02 -1.9109e+02
0.0000e+00 0.0000e+00 0.0000e+00 -6.3675e+01 -9.5302e-03 -6.3672e+01
0.0000e+00 0.0000e+00 0.0000e+00 1.0273e-02 -6.3699e+01 -6.3698e+01
0.0000e+00 0.0000e+00 0.0000e+00 -3.0301e+00 -6.6746e+01 -1.3047e+02
0.0000e+00 0.0000e+00 0.0000e+00 -9.2610e-04 1.9599e+02 -1.9599e+02
0.0000e+00 0.0000e+00 0.0000e+00 -6.5308e+01 -1.0528e-02 -6.5306e+01
0.0000e+00 0.0000e+00 0.0000e+00 9.5362e-03 -6.5333e+01 -6.5331e+01
0.0000e+00 0.0000e+00 0.0000e+00 -3.1634e+00 -6.8512e+01 -1.3387e+02
0.0000e+00 0.0000e+00 0.0000e+00 -8.8621e-04 2.0098e+02 -2.0097e+02
0.0000e+00 0.0000e+00 0.0000e+00 -6.6967e+01 -9.8654e-03 -6.6964e+01
0.0000e+00 0.0000e+00 0.0000e+00 1.1439e-02 -6.6993e+01 -6.6991e+01
0.0000e+00 0.0000e+00 0.0000e+00 -3.2986e+00 -7.0309e+01 -1.3733e+02
0.0000e+00 0.0000e+00 0.0000e+00 -7.6288e-04 2.0604e+02 -2.0604e+02
0.0000e+00 0.0000e+00 0.0000e+00 -6.8655e+01 -1.0911e-02 -6.8653e+01
0.0000e+00 0.0000e+00 0.0000e+00 1.1387e-02 -6.8682e+01 -6.8681e+01
0.0000e+00 0.0000e+00 0.0000e+00 -3.4405e+00 -7.2140e+01 -1.4085e+02
0.0000e+00 0.0000e+00 0.0000e+00 -9.9775e-04 2.1119e+02 -2.1119e+02
0.0000e+00 0.0000e+00 0.0000e+00 -7.0374e+01 -1.0402e-02 -7.0372e+01
0.0000e+00 0.0000e+00 0.0000e+00 9.9313e-03 -7.0399e+01 -7.0397e+01
0.0000e+00 0.0000e+00 0.0000e+00 -3.5893e+00 -7.4004e+01 -1.4443e+02
0.0000e+00 0.0000e+00 0.0000e+00 -7.4974e-04 2.1643e+02 -2.1643e+02
0.0000e+00 0.0000e+00 0.0000e+00 -7.2119e+01 -9.4619e-03 -7.2117e+01
0.0000e+00 0.0000e+00 0.0000e+00 1.0663e-02 -7.2144e+01 -7.2142e+01
0.0000e+00 0.0000e+00 0.0000e+00 -3.7406e+00 -7.5901e+01 -1.4808e+02
0.0000e+00 0.0000e+00 0.0000e+00 -9.0698e-04 2.2175e+02 -2.2175e+02
0.0000e+00 0.0000e+00 0.0000e+00 -7.3891e+01 -1.1717e-02 -7.3888e+01
0.0000e+00 0.0000e+00 0.0000e+00 1.1567e-02 -7.3919e+01 -7.3917e+01
0.0000e+00 0.0000e+00 0.0000e+00 -3.8959e+00 -7.7832e+01 -1.5178e+02
0.0000e+00 0.0000e+00 0.0000e+00 -9.0639e-04 2.2716e+02 -2.2716e+02
0.0000e+00 0.0000e+00 0.0000e+00 -7.5694e+01 -1.0515e-02 -7.5692e+01
0.0000e+00 0.0000e+00 0.0000e+00 1.1536e-02 -7.5721e+01 -7.5719e+01
0.0000e+00 0.0000e+00 0.0000e+00 -4.0586e+00 -7.9797e+01 -1.5555e+02
0.0000e+00 0.0000e+00 0.0000e+00 -7.5008e-04 2.3265e+02 -2.3265e+02
0.0000e+00 0.0000e+00 0.0000e+00 -7.7528e+01 -9.9385e-03 -7.7525e+01
0.0000e+00 0.0000e+00 0.0000e+00 1.0302e-02 -7.7553e+01 -7.7551e+01
0.0000e+00 0.0000e+00 0.0000e+00 -4.2278e+00 -8.1797e+01 -1.5938e+02
0.0000e+00 0.0000e+00 0.0000e+00 -9.9780e-04 2.3824e+02 -2.3824e+02
0.0000e+00 0.0000e+00 0.0000e+00 -7.9387e+01 -1.1439e-02 -7.9385e+01
0.0000e+00 0.0000e+00 0.0000e+00 1.0865e-02 -7.9414e+01 -7.9412e+01
0.0000e+00 0.0000e+00 0.0000e+00 -4.3999e+00 -8.3831e+01 -1.6328e+02
0.0000e+00 0.0000e+00 0.0000e+00 -7.6246e-04 2.4391e+02 -2.4391e+02
0.0000e+00 0.0000e+00 0.0000e+00 -8.1276e+01 -1.0607e-02 -8.1274e+01
0.0000e+00 0.0000e+00 0.0000e+00 1.2516e-02 -8.1304e+01 -8.1303e+01
0.0000e+00 0.0000e+00 0.0000e+00 -4.5769e+00 -8.5900e+01 -1.6724e+02
0.0000e+00 0.0000e+00 0.0000e+00 -8.8682e-04 2.4967e+02 -2.4967e+02
0.0000e+00 0.0000e+00 0.0000e+00 -8.3198e+01 -1.1221e-02 -8.3195e+01
0.0000e+00 0.0000e+00 0.0000e+00 1.1163e-02 -8.3225e+01 -8.3223e+01
0.0000e+00 0.0000e+00 0.0000e+00 -4.7628e+00 -8.8005e+01 -1.7126e+02
0.0000e+00 0.0000e+00 0.0000e+00 -9.2555e-04 2.5552e+02 -2.5552e+02
0.0000e+00 0.0000e+00 0.0000e+00 -8.5150e+01 -1.0806e-02 -8.5147e+01
0.0000e+00 0.0000e+00 0.0000e+00 1.0589e-02 -8.5176e+01 -8.5174e+01
0.0000e+00 0.0000e+00 0.0000e+00 -4.9543e+00 -9.0147e+01 -1.7535e+02
0.0000e+00 0.0000e+00 0.0000e+00 -7.3996e-04 2.6146e+02 -2.6146e+02
0.0000e+00 0.0000e+00 0.0000e+00 -8.7129e+01 -1.0542e-02 -8.7126e+01
0.0000e+00 0.0000e+00 0.0000e+00 1.1898e-02 -8.7156e+01 -8.7154e+01
0.0000e+00 0.0000e+00 0.0000e+00 -5.1491e+00 -9.2323e+01 -1.7951e+02
0.0000e+00 0.0000e+00 0.0000e+00 -9.9465e-04 2.6750e+02 -2.6750e+02
0.0000e+00 0.0000e+00 0.0000e+00 -8.9138e+01 -1.2254e-02 -8.9136e+01
0.0000e+00 0.0000e+00 0.0000e+00 1.2333e-02 -8.9168e+01 -8.9166e+01
0.0000e+00 0.0000e+00 0.0000e+00 -5.3510e+00 -9.4537e+01 -1.8374e+02
0.0000e+00 0.0000e+00 0.0000e+00 -7.7757e-04 2.7362e+02 -2.7362e+02
0.0000e+00 0.0000e+00 0.0000e+00 -9.1182e+01 -1.0757e-02 -9.1180e+01
0.0000e+00 0.0000e+00 0.0000e+00 1.1490e-02 -9.1209e+01 -9.1207e+01
0.0000e+00 0.0000e+00 0.0000e+00 -5.5616e+00 -9.6788e+01 -1.8803e+02
0.0000e+00 0.0000e+00 0.0000e+00 -8.6609e-04 2.7984e+02 -2.7984e+02
0.0000e+00 0.0000e+00 0.0000e+00 -9.3255e+01 -1.0658e-02 -9.3253e+01
0.0000e+00 0.0000e+00 0.0000e+00 1.0902e-02 -9.3282e+01 -9.3280e+01
0.0000e+00 0.0000e+00 0.0000e+00 -5.7777e+00 -9.9076e+01 -1.9239e+02
0.0000e+00 0.0000e+00 0.0000e+00 -9.4321e-04 2.8615e+02 -2.8615e+02
0.0000e+00 0.0000e+00 0.0000e+00 -9.5357e+01 -1.2259e-02 -9.5354e+01
0.0000e+00 0.0000e+00 0.0000e+00 1.2465e-02 -9.5386e+01 -9.5385e+01
0.0000e+00 0.0000e+00 0.0000e+00 -5.9981e+00 -1.0140e+02 -1.9682e+02
0.0000e+00 0.0000e+00 0.0000e+00 -7.3275e-04 2.9256e+02 -2.9256e+02
0.0000e+00 0.0000e+00 0.0000e+00 -9.7492e+01 -1.1253e-02 -9.7490e+01
0.0000e+00 0.0000e+00 0.0000e+00 1.2722e-02 -9.7521e+01 -9.7519e+01
0.0000e+00 0.0000e+00 0.0000e+00 -6.2269e+00 -1.0377e+02 -2.0132e+02
0.0000e+00 0.0000e+00 0.0000e+00 -9.8837e-04 2.9906e+02 -2.9906e+02
0.0000e+00 0.0000e+00 0.0000e+00 -9.9661e+01 -1.1343e-02 -9.9658e+01
0.0000e+00 0.0000e+00 0.0000e+00 1.1224e-02 -9.9688e+01 -9.9686e+01
0.0000e+00 0.0000e+00 0.0000e+00 -6.4648e+00 -1.0617e+02 -2.0589e+02
0.0000e+00 0.0000e+00 0.0000e+00 -7.9470e-04 3.0566e+02 -3.0566e+02
0.0000e+00 0.0000e+00 0.0000e+00 -1.0186e+02 -1.1632e-02 -1.0186e+02
0.0000e+00 0.0000e+00 0.0000e+00 1.1688e-02 -1.0189e+02 -1.0189e+02
0.0000e+00 0.0000e+00 0.0000e+00 -6.7076e+00 -1.0861e+02 -2.1053e+02
0.0000e+00 0.0000e+00 0.0000e+00 -8.4528e-04 3.1235e+02 -3.1235e+02
0.0000e+00 0.0000e+00 0.0000e+00 -1.0409e+02 -1.1552e-02 -1.0409e+02
0.0000e+00 0.0000e+00 0.0000e+00 1.2985e-02 -1.0412e+02 -1.0412e+02
0.0000e+00 0.0000e+00 0.0000e+00 -6.9563e+00 -1.1109e+02 -2.1525e+02
0.0000e+00 0.0000e+00 0.0000e+00 -9.5898e-04 3.1914e+02 -3.1914e+02
0.0000e+00 0.0000e+00 0.0000e+00 -1.0635e+02 -1.2378e-02 -1.0635e+02
0.0000e+00 0.0000e+00 0.0000e+00 1.2683e-02 -1.0638e+02 -1.0638e+02
0.0000e+00 0.0000e+00 0.0000e+00 -7.2149e+00 -1.1362e+02 -2.2003e+02
0.0000e+00 0.0000e+00 0.0000e+00 -7.2863e-04 3.2603e+02 -3.2603e+02
0.0000e+00 0.0000e+00 0.0000e+00 -1.0865e+02 -1.1332e-02 -1.0865e+02
0.0000e+00 0.0000e+00 0.0000e+00 1.1455e-02 -1.0868e+02 -1.0868e+02
0.0000e+00 0.0000e+00 0.0000e+00 -7.4821e+00 -1.1618e+02 -2.2489e+02
0.0000e+00 0.0000e+00 0.0000e+00 -9.7911e-04 3.3301e+02 -3.3301e+02
0.0000e+00 0.0000e+00 0.0000e+00 -1.1098e+02 -1.1439e-02 -1.1097e+02
0.0000e+00 0.0000e+00 0.0000e+00 1.2283e-02 -1.1101e+02 -1.1100e+02
0.0000e+00 0.0000e+00 0.0000e+00 -7.7545e+00 -1.1878e+02 -2.2982e+02
0.0000e+00 0.0000e+00 0.0000e+00 -8.1344e-04 3.4010e+02 -3.4010e+02
0.0000e+00 0.0000e+00 0.0000e+00 -1.1334e+02 -1.3018e-02 -1.1333e+02
0.0000e+00 0.0000e+00 0.0000e+00 1.3515e-02 -1.1337e+02 -1.1337e+02
0.0000e+00 0.0000e+00 0.0000e+00 -8.0344e+00 -1.2142e+02 -2.3482e+02
0.0000e+00 0.0000e+00 0.0000e+00 -8.2489e-04 3.4728e+02 -3.4728e+02
0.0000e+00 0.0000e+00 0.0000e+00 -1.1573e+02 -1.1668e-02 -1.1573e+02
0.0000e+00 0.0000e+00 0.0000e+00 1.2511e-02 -1.1576e+02 -1.1576e+02
0.0000e+00 0.0000e+00 0.0000e+00 -8.3253e+00 -1.2411e+02 -2.3990e+02
0.0000e+00 0.0000e+00 0.0000e+00 -9.7246e-04 3.5457e+02 -3.5457e+02
0.0000e+00 0.0000e+00 0.0000e+00 -1.1816e+02 -1.1592e-02 -1.1816e+02
0.0000e+00 0.0000e+00 0.0000e+00 1.1890e-02 -1.1819e+02 -1.1819e+02
0.0000e+00 0.0000e+00 0.0000e+00 -8.6243e+00 -1.2683e+02 -2.4506e+02
0.0000e+00 0.0000e+00 0.0000e+00 -7.2770e-04 3.6195e+02 -3.6195e+02
0.0000e+00 0.0000e+00 0.0000e+00 -1.2062e+02 -1.2814e-02 -1.2062e+02
0.0000e+00 0.0000e+00 0.0000e+00 1.2882e-02 -1.2065e+02 -1.2065e+02
0.0000e+00 0.0000e+00 0.0000e+00 -8.9293e+00 -1.2960e+02 -2.5029e+02
0.0000e+00 0.0000e+00 0.0000e+00 -9.6710e-04 3.6944e+02 -3.6944e+02
0.0000e+00 0.0000e+00 0.0000e+00 -1.2312e+02 -1.2095e-02 -1.2312e+02
0.0000e+00 0.0000e+00 0.0000e+00 1.3804e-02 -1.2315e+02 -1.2315e+02
0.0000e+00 0.0000e+00 0.0000e+00 -9.2435e+00 -1.3241e+02 -2.5560e+02
0.0000e+00 0.0000e+00 0.0000e+00 -8.3336e-04 3.7703e+02 -3.7703e+02
0.0000e+00 0.0000e+00 0.0000e+00 -1.2565e+02 -1.2526e-02 -1.2565e+02
0.0000e+00 0.0000e+00 0.0000e+00 1.2611e-02 -1.2568e+02 -1.2568e+02
0.0000e+00 0.0000e+00 0.0000e+00 -9.5693e+00 -1.3527e+02 -2.6098e+02
0.0000e+00 0.0000e+00 0.0000e+00 -8.0540e-04 3.8473e+02 -3.8473e+02
0.0000e+00 0.0000e+00 0.0000e+00 -1.2822e+02 -1.2169e-02 -1.2821e+02
0.0000e+00 0.0000e+00 0.0000e+00 1.2048e-02 -1.2824e+02 -1.2824e+02
0.0000e+00 0.0000e+00 0.0000e+00 -9.9031e+00 -1.3817e+02 -2.6644e+02
0.0000e+00 0.0000e+00 0.0000e+00 -9.8334e-04 3.9253e+02 -3.9252e+02
0.0000e+00 0.0000e+00 0.0000e+00 -1.3081e+02 -1.2188e-02 -1.3081e+02
0.0000e+00 0.0000e+00 0.0000e+00 1.3894e-02 -1.3084e+02 -1.3084e+02
0.0000e+00 0.0000e+00 0.0000e+00 -1.0244e+01 -1.4111e+02 -2.7199e+02
0.0000e+00 0.0000e+00 0.0000e+00 -7.2998e-04 4.0043e+02 -4.0043e+02
0.0000e+00 0.0000e+00 0.0000e+00 -1.3345e+02 -1.3646e-02 -1.3344e+02
0.0000e+00 0.0000e+00 0.0000e+00 1.3719e-02 -1.3348e+02 -1.3348e+02
0.0000e+00 0.0000e+00 0.0000e+00 -1.0596e+01 -1.4409e+02 -2.7761e+02
0.0000e+00 0.0000e+00 0.0000e+00 -9.5261e-04 4.0844e+02 -4.0844e+02
0.0000e+00 0.0000e+00 0.0000e+00 -1.3612e+02 -1.1888e-02 -1.3612e+02
0.0000e+00 0.0000e+00 0.0000e+00 1.2587e-02 -1.3615e+02 -1.3615e+02
0.0000e+00 0.0000e+00 0.0000e+00 -1.0959e+01 -1.4712e+02 -2.8331e+02
0.0000e+00 0.0000e+00 0.0000e+00 -8.5398e-04 4.1655e+02 -4.1655e+02
0.0000e+00 0.0000e+00 0.0000e+00 -1.3882e+02 -1.2301e-02 -1.3882e+02
0.0000e+00 0.0000e+00 0.0000e+00 1.2955e-02 -1.3885e+02 -1.3885e+02
0.0000e+00 0.0000e+00 0.0000e+00 -1.1330e+01 -1.5020e+02 -2.8909e+02
0.0000e+00 0.0000e+00 0.0000e+00 -7.8728e-04 4.2477e+02 -4.2477e+02
0.0000e+00 0.0000e+00 0.0000e+00 -1.4156e+02 -1.3871e-02 -1.4156e+02
0.0000e+00 0.0000e+00 0.0000e+00 1.4001e-02 -1.4159e+02 -1.4159e+02
0.0000e+00 0.0000e+00 0.0000e+00 -1.1710e+01 -1.5332e+02 -2.9495e+02
0.0000e+00 0.0000e+00 0.0000e+00 -9.9137e-04 4.3310e+02 -4.3310e+02
0.0000e+00 0.0000e+00 0.0000e+00 -1.4434e+02 -1.2281e-02 -1.4433e+02
0.0000e+00 0.0000e+00 0.0000e+00 1.4147e-02 -1.4437e+02 -1.4437e+02
0.0000e+00 0.0000e+00 0.0000e+00 -1.2103e+01 -1.5649e+02 -3.0090e+02
0.0000e+00 0.0000e+00 0.0000e+00 -7.3540e-04 4.4154e+02 -4.4154e+02
0.0000e+00 0.0000e+00 0.0000e+00 -1.4715e+02 -1.2972e-02 -1.4715e+02
0.0000e+00 0.0000e+00 0.0000e+00 1.2569e-02 -1.4718e+02 -1.4718e+02
0.0000e+00 0.0000e+00 0.0000e+00 -1.2507e+01 -1.5971e+02 -3.0692e+02
0.0000e+00 0.0000e+00 0.0000e+00 -9.3600e-04 4.5008e+02 -4.5008e+02
0.0000e+00 0.0000e+00 0.0000e+00 -1.5000e+02 -1.3057e-02 -1.5000e+02
0.0000e+00 0.0000e+00 0.0000e+00 1.3437e-02 -1.5003e+02 -1.5003e+02
0.0000e+00 0.0000e+00 0.0000e+00 -1.2919e+01 -1.6297e+02 -3.1303e+02
0.0000e+00 0.0000e+00 0.0000e+00 -8.7482e-04 4.5874e+02 -4.5874e+02
0.0000e+00 0.0000e+00 0.0000e+00 -1.5288e+02 -1.2928e-02 -1.5288e+02
0.0000e+00 0.0000e+00 0.0000e+00 1.4919e-02 -1.5291e+02 -1.5291e+02
0.0000e+00 0.0000e+00 0.0000e+00 -1.3342e+01 -1.6628e+02 -3.1923e+02
0.0000e+00 0.0000e+00 0.0000e+00 -7.7095e-04 4.6750e+02 -4.6750e+02
0.0000e+00 0.0000e+00 0.0000e+00 -1.5580e+02 -1.3979e-02 -1.5580e+02
0.0000e+00 0.0000e+00 0.0000e+00 1.3560e-02 -1.5584e+02 -1.5583e+02
0.0000e+00 0.0000e+00 0.0000e+00 -1.3779e+01 -1.6964e+02 -3.2551e+02
0.0000e+00 0.0000e+00 0.0000e+00 -9.9635e-04 4.7638e+02 -4.7638e+02
0.0000e+00 0.0000e+00 0.0000e+00 -1.5876e+02 -1.2282e-02 -1.5876e+02
0.0000e+00 0.0000e+00 0.0000e+00 1.3202e-02 -1.5879e+02 -1.5879e+02
0.0000e+00 0.0000e+00 0.0000e+00 -1.4227e+01 -1.7304e+02 -3.3187e+02
0.0000e+00 0.0000e+00 0.0000e+00 -7.4386e-04 4.8537e+02 -4.8537e+02
0.0000e+00 0.0000e+00 0.0000e+00 -1.6176e+02 -1.3354e-02 -1.6176e+02
0.0000e+00 0.0000e+00 0.0000e+00 1.4153e-02 -1.6179e+02 -1.6179e+02
0.0000e+00 0.0000e+00 0.0000e+00 -1.4684e+01 -1.7650e+02 -3.3832e+02
0.0000e+00 0.0000e+00 0.0000e+00 -9.1765e-04 4.9447e+02 -4.9447e+02
0.0000e+00 0.0000e+00 0.0000e+00 -1.6479e+02 -1.4445e-02 -1.6479e+02
0.0000e+00 0.0000e+00 0.0000e+00 1.4863e-02 -1.6482e+02 -1.6482e+02
0.0000e+00 0.0000e+00 0.0000e+00 -1.5153e+01 -1.8000e+02 -3.4486e+02
0.0000e+00 0.0000e+00 0.0000e+00 -8.9537e-04 5.0368e+02 -5.0368e+02
0.0000e+00 0.0000e+00 0.0000e+00 -1.6786e+02 -1.2530e-02 -1.6786e+02
0.0000e+00 0.0000e+00 0.0000e+00 1.4017e-02 -1.6790e+02 -1.6789e+02
0.0000e+00 0.0000e+00 0.0000e+00 -1.5638e+01 -1.8355e+02 -3.5149e+02
0.0000e+00 0.0000e+00 0.0000e+00 -7.5680e-04 5.1301e+02 -5.1301e+02
0.0000e+00 0.0000e+00 0.0000e+00 -1.7097e+02 -1.3627e-02 -1.7097e+02
0.0000e+00 0.0000e+00 0.0000e+00 1.3210e-02 -1.7100e+02 -1.7100e+02
0.0000e+00 0.0000e+00 0.0000e+00 -1.6133e+01 -1.8716e+02 -3.5820e+02
0.0000e+00 0.0000e+00 0.0000e+00 -9.9816e-04 5.2245e+02 -5.2245e+02
0.0000e+00 0.0000e+00 0.0000e+00 -1.7412e+02 -1.3956e-02 -1.7412e+02
0.0000e+00 0.0000e+00 0.0000e+00 1.5013e-02 -1.7415e+02 -1.7415e+02
0.0000e+00 0.0000e+00 0.0000e+00 -1.6639e+01 -1.9081e+02 -3.6500e+02
0.0000e+00 0.0000e+00 0.0000e+00 -7.5513e-04 5.3201e+02 -5.3201e+02
0.0000e+00 0.0000e+00 0.0000e+00 -1.7730e+02 -1.3529e-02 -1.7730e+02
0.0000e+00 0.0000e+00 0.0000e+00 1.5131e-02 -1.7734e+02 -1.7734e+02
0.0000e+00 0.0000e+00 0.0000e+00 -1.7159e+01 -1.9452e+02 -3.7189e+02
0.0000e+00 0.0000e+00 0.0000e+00 -8.9800e-04 5.4168e+02 -5.4168e+02
0.0000e+00 0.0000e+00 0.0000e+00 -1.8053e+02 -1.4094e-02 -1.8053e+02
0.0000e+00 0.0000e+00 0.0000e+00 1.3677e-02 -1.8056e+02 -1.8056e+02
0.0000e+00 0.0000e+00 0.0000e+00 -1.7694e+01 -1.9828e+02 -3.7887e+02
0.0000e+00 0.0000e+00 0.0000e+00 -9.1515e-04 5.5147e+02 -5.5147e+02
0.0000e+00 0.0000e+00 0.0000e+00 -1.8379e+02 -1.3167e-02 -1.8379e+02
0.0000e+00 0.0000e+00 0.0000e+00 1.4184e-02 -1.8382e+02 -1.8382e+02
0.0000e+00 0.0000e+00 0.0000e+00 -1.8240e+01 -2.0208e+02 -3.8595e+02
0.0000e+00 0.0000e+00 0.0000e+00 -7.4517e-04 5.6137e+02 -5.6137e+02
0.0000e+00 0.0000e+00 0.0000e+00 -1.8709e+02 -1.4253e-02 -1.8709e+02
0.0000e+00 0.0000e+00 0.0000e+00 1.5343e-02 -1.8713e+02 -1.8712e+02
0.0000e+00 0.0000e+00 0.0000e+00 -1.8799e+01 -2.0595e+02 -3.9311e+02
0.0000e+00 0.0000e+00 0.0000e+00 -9.9676e-04 5.7140e+02 -5.7140e+02
0.0000e+00 0.0000e+00 0.0000e+00 -1.9043e+02 -1.4686e-02 -1.9043e+02
0.0000e+00 0.0000e+00 0.0000e+00 1.5193e-02 -1.9047e+02 -1.9047e+02
0.0000e+00 0.0000e+00 0.0000e+00 -1.9374e+01 -2.0986e+02 -4.0037e+02
0.0000e+00 0.0000e+00 0.0000e+00 -7.6897e-04 5.8154e+02 -5.8154e+02
0.0000e+00 0.0000e+00 0.0000e+00 -1.9382e+02 -1.3060e-02 -1.9381e+02
0.0000e+00 0.0000e+00 0.0000e+00 1.3941e-02 -1.9385e+02 -1.9385e+02
0.0000e+00 0.0000e+00 0.0000e+00 -1.9964e+01 -2.1383e+02 -4.0772e+02
0.0000e+00 0.0000e+00 0.0000e+00 -8.7752e-04 5.9180e+02 -5.9180e+02
0.0000e+00 0.0000e+00 0.0000e+00 -1.9724e+02 -1.4335e-02 -1.9723e+02
0.0000e+00 0.0000e+00 0.0000e+00 1.4649e-02 -1.9727e+02 -1.9727e+02
0.0000e+00 0.0000e+00 0.0000e+00 -2.0565e+01 -2.1786e+02 -4.1516e+02
0.0000e+00 0.0000e+00 0.0000e+00 -9.3369e-04 6.0219e+02 -6.0218e+02
0.0000e+00 0.0000e+00 0.0000e+00 -2.0069e+02 -1.4865e-02 -2.0069e+02
0.0000e+00 0.0000e+00 0.0000e+00 1.5984e-02 -2.0073e+02 -2.0073e+02
0.0000e+00 0.0000e+00 0.0000e+00 -2.1181e+01 -2.2193e+02 -4.2270e+02
0.0000e+00 0.0000e+00 0.0000e+00 -7.3633e-04 6.1269e+02 -6.1269e+02
0.0000e+00 0.0000e+00 0.0000e+00 -2.0420e+02 -1.3805e-02 -2.0419e+02
0.0000e+00 0.0000e+00 0.0000e+00 1.5024e-02 -2.0423e+02 -2.0423e+02
0.0000e+00 0.0000e+00 0.0000e+00 -2.1815e+01 -2.2607e+02 -4.3034e+02
0.0000e+00 0.0000e+00 0.0000e+00 -9.9219e-04 6.2331e+02 -6.2331e+02
0.0000e+00 0.0000e+00 0.0000e+00 -2.0774e+02 -1.4408e-02 -2.0774e+02
0.0000e+00 0.0000e+00 0.0000e+00 1.4272e-02 -2.0777e+02 -2.0777e+02
0.0000e+00 0.0000e+00 0.0000e+00 -2.2464e+01 -2.3026e+02 -4.3807e+02
0.0000e+00 0.0000e+00 0.0000e+00 -7.8503e-04 6.3406e+02 -6.3406e+02
0.0000e+00 0.0000e+00 0.0000e+00 -2.1132e+02 -1.4375e-02 -2.1132e+02
0.0000e+00 0.0000e+00 0.0000e+00 1.5348e-02 -2.1135e+02 -2.1135e+02
0.0000e+00 0.0000e+00 0.0000e+00 -2.3125e+01 -2.3450e+02 -4.4590e+02
0.0000e+00 0.0000e+00 0.0000e+00 -8.5670e-04 6.4493e+02 -6.4493e+02
0.0000e+00 0.0000e+00 0.0000e+00 -2.1494e+02 -1.4689e-02 -2.1494e+02
0.0000e+00 0.0000e+00 0.0000e+00 1.6271e-02 -2.1498e+02 -2.1498e+02
0.0000e+00 0.0000e+00 0.0000e+00 -2.3803e+01 -2.3880e+02 -4.5382e+02
0.0000e+00 0.0000e+00 0.0000e+00 -9.5055e-04 6.5592e+02 -6.5592e+02
0.0000e+00 0.0000e+00 0.0000e+00 -2.1861e+02 -1.4989e-02 -2.1861e+02
0.0000e+00 0.0000e+00 0.0000e+00 1.5014e-02 -2.1864e+02 -2.1864e+02
0.0000e+00 0.0000e+00 0.0000e+00 -2.4499e+01 -2.4316e+02 -4.6184e+02
0.0000e+00 0.0000e+00 0.0000e+00 -7.3050e-04 6.6704e+02 -6.6704e+02
0.0000e+00 0.0000e+00 0.0000e+00 -2.2231e+02 -1.3771e-02 -2.2231e+02
0.0000e+00 0.0000e+00 0.0000e+00 1.4595e-02 -2.2235e+02 -2.2235e+02
0.0000e+00 0.0000e+00 0.0000e+00 -2.5211e+01 -2.4758e+02 -4.6997e+02
0.0000e+00 0.0000e+00 0.0000e+00 -9.8455e-04 6.7828e+02 -6.7828e+02
0.0000e+00 0.0000e+00 0.0000e+00 -2.2606e+02 -1.5103e-02 -2.2606e+02
0.0000e+00 0.0000e+00 0.0000e+00 1.6228e-02 -2.2610e+02 -2.2609e+02
0.0000e+00 0.0000e+00 0.0000e+00 -2.5937e+01 -2.5205e+02 -4.7819e+02
0.0000e+00 0.0000e+00 0.0000e+00 -8.0294e-04 6.8965e+02 -6.8965e+02
0.0000e+00 0.0000e+00 0.0000e+00 -2.2985e+02 -1.5590e-02 -2.2985e+02
0.0000e+00 0.0000e+00 0.0000e+00 1.6188e-02 -2.2988e+02 -2.2988e+02
0.0000e+00 0.0000e+00 0.0000e+00 -2.6682e+01 -2.5659e+02 -4.8652e+02
0.0000e+00 0.0000e+00 0.0000e+00 -8.3602e-04 7.0114e+02 -7.0114e+02
0.0000e+00 0.0000e+00 0.0000e+00 -2.3368e+02 -1.3887e-02 -2.3368e+02
0.0000e+00 0.0000e+00 0.0000e+00 1.5167e-02 -2.3372e+02 -2.3371e+02
0.0000e+00 0.0000e+00 0.0000e+00 -2.7446e+01 -2.6118e+02 -4.9494e+02
0.0000e+00 0.0000e+00 0.0000e+00 -9.6533e-04 7.1276e+02 -7.1276e+02
0.0000e+00 0.0000e+00 0.0000e+00 -2.3755e+02 -1.5219e-02 -2.3755e+02
0.0000e+00 0.0000e+00 0.0000e+00 1.5213e-02 -2.3759e+02 -2.3759e+02
0.0000e+00 0.0000e+00 0.0000e+00 -2.8225e+01 -2.6584e+02 -5.0346e+02
0.0000e+00 0.0000e+00 0.0000e+00 -7.2780e-04 7.2451e+02 -7.2451e+02
0.0000e+00 0.0000e+00 0.0000e+00 -2.4147e+02 -1.5397e-02 -2.4147e+02
0.0000e+00 0.0000e+00 0.0000e+00 1.6565e-02 -2.4151e+02 -2.4150e+02
0.0000e+00 0.0000e+00 0.0000e+00 -2.9021e+01 -2.7055e+02 -5.1210e+02
0.0000e+00 0.0000e+00 0.0000e+00 -9.7402e-04 7.3639e+02 -7.3639e+02
0.0000e+00 0.0000e+00 0.0000e+00 -2.4543e+02 -1.4847e-02 -2.4543e+02
0.0000e+00 0.0000e+00 0.0000e+00 1.6602e-02 -2.4546e+02 -2.4546e+02
0.0000e+00 0.0000e+00 0.0000e+00 -2.9837e+01 -2.7532e+02 -5.2083e+02
0.0000e+00 0.0000e+00 0.0000e+00 -8.2227e-04 7.4839e+02 -7.4839e+02
0.0000e+00 0.0000e+00 0.0000e+00 -2.4943e+02 -1.5513e-02 -2.4943e+02
0.0000e+00 0.0000e+00 0.0000e+00 1.4929e-02 -2.4947e+02 -2.4946e+02
0.0000e+00 0.0000e+00 0.0000e+00 -3.0674e+01 -2.8016e+02 -5.2967e+02
0.0000e+00 0.0000e+00 0.0000e+00 -8.1597e-04 7.6053e+02 -7.6053e+02
0.0000e+00 0.0000e+00 0.0000e+00 -2.5348e+02 -1.4564e-02 -2.5347e+02
0.0000e+00 0.0000e+00 0.0000e+00 1.6034e-02 -2.5351e+02 -2.5351e+02
0.0000e+00 0.0000e+00 0.0000e+00 -3.1526e+01 -2.8506e+02 -5.3861e+02
0.0000e+00 0.0000e+00 0.0000e+00 -9.7768e-04 7.7280e+02 -7.7279e+02
0.0000e+00 0.0000e+00 0.0000e+00 -2.5756e+02 -1.5899e-02 -2.5756e+02
0.0000e+00 0.0000e+00 0.0000e+00 1.7192e-02 -2.5760e+02 -2.5760e+02
0.0000e+00 0.0000e+00 0.0000e+00 -3.2397e+01 -2.9002e+02 -5.4766e+02
0.0000e+00 0.0000e+00 0.0000e+00 -7.2832e-04 7.8519e+02 -7.8519e+02
0.0000e+00 0.0000e+00 0.0000e+00 -2.6170e+02 -1.5938e-02 -2.6169e+02
0.0000e+00 0.0000e+00 0.0000e+00 1.6116e-02 -2.6173e+02 -2.6173e+02
0.0000e+00 0.0000e+00 0.0000e+00 -3.3290e+01 -2.9504e+02 -5.5682e+02
0.0000e+00 0.0000e+00 0.0000e+00 -9.6086e-04 7.9772e+02 -7.9772e+02
0.0000e+00 0.0000e+00 0.0000e+00 -2.6587e+02 -1.4226e-02 -2.6587e+02
0.0000e+00 0.0000e+00 0.0000e+00 1.5716e-02 -2.6591e+02 -2.6591e+02
0.0000e+00 0.0000e+00 0.0000e+00 -3.4202e+01 -3.0013e+02 -5.6608e+02
0.0000e+00 0.0000e+00 0.0000e+00 -8.4256e-04 8.1038e+02 -8.1038e+02
0.0000e+00 0.0000e+00 0.0000e+00 -2.7009e+02 -1.6306e-02 -2.7009e+02
0.0000e+00 0.0000e+00 0.0000e+00 1.6397e-02 -2.7013e+02 -2.7013e+02
0.0000e+00 0.0000e+00 0.0000e+00 -3.5133e+01 -3.0529e+02 -5.7546e+02
0.0000e+00 0.0000e+00 0.0000e+00 -7.9704e-04 8.2318e+02 -8.2318e+02
0.0000e+00 0.0000e+00 0.0000e+00 -2.7436e+02 -1.5974e-02 -2.7435e+02
0.0000e+00 0.0000e+00 0.0000e+00 1.7507e-02 -2.7439e+02 -2.7439e+02
0.0000e+00 0.0000e+00 0.0000e+00 -3.6085e+01 -3.1050e+02 -5.8494e+02
0.0000e+00 0.0000e+00 0.0000e+00 -9.8730e-04 8.3611e+02 -8.3611e+02
0.0000e+00 0.0000e+00 0.0000e+00 -2.7867e+02 -1.5086e-02 -2.7867e+02
0.0000e+00 0.0000e+00 0.0000e+00 1.6397e-02 -2.7870e+02 -2.7870e+02
0.0000e+00 0.0000e+00 0.0000e+00 -3.7059e+01 -3.1579e+02 -5.9453e+02
0.0000e+00 0.0000e+00 0.0000e+00 -7.3202e-04 8.4917e+02 -8.4917e+02
0.0000e+00 0.0000e+00 0.0000e+00 -2.8302e+02 -1.6164e-02 -2.8302e+02
0.0000e+00 0.0000e+00 0.0000e+00 1.5617e-02 -2.8306e+02 -2.8306e+02
0.0000e+00 0.0000e+00 0.0000e+00 -3.8055e+01 -3.2114e+02 -6.0424e+02
0.0000e+00 0.0000e+00 0.0000e+00 -9.4537e-04 8.6237e+02 -8.6237e+02
0.0000e+00 0.0000e+00 0.0000e+00 -2.8742e+02 -1.5479e-02 -2.8742e+02
0.0000e+00 0.0000e+00 0.0000e+00 1.7563e-02 -2.8746e+02 -2.8746e+02
0.0000e+00 0.0000e+00 0.0000e+00 -3.9069e+01 -3.2655e+02 -6.1406e+02
0.0000e+00 0.0000e+00 0.0000e+00 -8.6334e-04 8.7571e+02 -8.7571e+02
0.0000e+00 0.0000e+00 0.0000e+00 -2.9187e+02 -1.6474e-02 -2.9186e+02
0.0000e+00 0.0000e+00 0.0000e+00 1.7443e-02 -2.9190e+02 -2.9190e+02
0.0000e+00 0.0000e+00 0.0000e+00 -4.0107e+01 -3.3203e+02 -6.2398e+02
0.0000e+00 0.0000e+00 0.0000e+00 -7.7968e-04 8.8918e+02 -8.8918e+02
0.0000e+00 0.0000e+00 0.0000e+00 -2.9636e+02 -1.6090e-02 -2.9636e+02
0.0000e+00 0.0000e+00 0.0000e+00 1.6259e-02 -2.9640e+02 -2.9639e+02
0.0000e+00 0.0000e+00 0.0000e+00 -4.1170e+01 -3.3759e+02 -6.3402e+02
0.0000e+00 0.0000e+00 0.0000e+00 -9.9398e-04 9.0279e+02 -9.0279e+02
0.0000e+00 0.0000e+00 0.0000e+00 -3.0089e+02 -1.5088e-02 -3.0089e+02
0.0000e+00 0.0000e+00 0.0000e+00 1.6599e-02 -3.0093e+02 -3.0093e+02
0.0000e+00 0.0000e+00 0.0000e+00 -4.2253e+01 -3.4321e+02 -6.4418e+02
0.0000e+00 0.0000e+00 0.0000e+00 -7.3883e-04 9.1654e+02 -9.1653e+02
0.0000e+00 0.0000e+00 0.0000e+00 -3.0547e+02 -1.7171e-02 -3.0547e+02
0.0000e+00 0.0000e+00 0.0000e+00 1.7690e-02 -3.0551e+02 -3.0551e+02
0.0000e+00 0.0000e+00 0.0000e+00 -4.3357e+01 -3.4890e+02 -6.5445e+02
0.0000e+00 0.0000e+00 0.0000e+00 -9.2792e-04 9.3042e+02 -9.3042e+02
0.0000e+00 0.0000e+00 0.0000e+00 -3.1010e+02 -1.6315e-02 -3.1010e+02
0.0000e+00 0.0000e+00 0.0000e+00 1.7788e-02 -3.1014e+02 -3.1014e+02
0.0000e+00 0.0000e+00 0.0000e+00 -4.4487e+01 -3.5465e+02 -6.6484e+02
0.0000e+00 0.0000e+00 0.0000e+00 -8.8411e-04 9.4445e+02 -9.4445e+02
0.0000e+00 0.0000e+00 0.0000e+00 -3.1478e+02 -1.5515e-02 -3.1478e+02
0.0000e+00 0.0000e+00 0.0000e+00 1.6325e-02 -3.1482e+02 -3.1482e+02
0.0000e+00 0.0000e+00 0.0000e+00 -4.5643e+01 -3.6048e+02 -6.7534e+02
0.0000e+00 0.0000e+00 0.0000e+00 -7.6428e-04 9.5862e+02 -9.5861e+02
0.0000e+00 0.0000e+00 0.0000e+00 -3.1950e+02 -1.6904e-02 -3.1950e+02
0.0000e+00 0.0000e+00 0.0000e+00 1.7070e-02 -3.1954e+02 -3.1954e+02
0.0000e+00 0.0000e+00 0.0000e+00 -4.6820e+01 -3.6638e+02 -6.8597e+02
0.0000e+00 0.0000e+00 0.0000e+00 -9.9754e-04 9.7292e+02 -9.7292e+02
0.0000e+00 0.0000e+00 0.0000e+00 -3.2427e+02 -1.6442e-02 -3.2427e+02
0.0000e+00 0.0000e+00 0.0000e+00 1.8479e-02 -3.2431e+02 -3.2431e+02
0.0000e+00 0.0000e+00 0.0000e+00 -4.8021e+01 -3.7235e+02 -6.9671e+02
0.0000e+00 0.0000e+00 0.0000e+00 -7.4858e-04 9.8737e+02 -9.8737e+02
0.0000e+00 0.0000e+00 0.0000e+00 -3.2909e+02 -1.6642e-02 -3.2908e+02
0.0000e+00 0.0000e+00 0.0000e+00 1.7448e-02 -3.2913e+02 -3.2912e+02
0.0000e+00 0.0000e+00 0.0000e+00 -4.9250e+01 -3.7840e+02 -7.0757e+02
0.0000e+00 0.0000e+00 0.0000e+00 -9.0894e-04 1.0020e+03 -1.0020e+03
0.0000e+00 0.0000e+00 0.0000e+00 -3.3395e+02 -1.6526e-02 -3.3395e+02
0.0000e+00 0.0000e+00 0.0000e+00 1.6745e-02 -3.3399e+02 -3.3399e+02
0.0000e+00 0.0000e+00 0.0000e+00 -5.0504e+01 -3.8452e+02 -7.1855e+02
0.0000e+00 0.0000e+00 0.0000e+00 -9.0437e-04 1.0167e+03 -1.0167e+03
0.0000e+00 0.0000e+00 0.0000e+00 -3.3886e+02 -1.6206e-02 -3.3886e+02
0.0000e+00 0.0000e+00 0.0000e+00 1.7787e-02 -3.3890e+02 -3.3890e+02
0.0000e+00 0.0000e+00 0.0000e+00 -5.1782e+01 -3.9071e+02 -7.2965e+02
0.0000e+00 0.0000e+00 0.0000e+00 -7.5123e-04 1.0316e+03 -1.0316e+03
0.0000e+00 0.0000e+00 0.0000e+00 -3.4382e+02 -1.7609e-02 -3.4382e+02
0.0000e+00 0.0000e+00 0.0000e+00 1.8682e-02 -3.4386e+02 -3.4386e+02
0.0000e+00 0.0000e+00 0.0000e+00 -5.3086e+01 -3.9697e+02 -7.4088e+02
0.0000e+00 0.0000e+00 0.0000e+00 -9.9791e-04 1.0466e+03 -1.0466e+03
0.0000e+00 0.0000e+00 0.0000e+00 -3.4883e+02 -1.6727e-02 -3.4883e+02
0.0000e+00 0.0000e+00 0.0000e+00 1.7523e-02 -3.4887e+02 -3.4887e+02
0.0000e+00 0.0000e+00 0.0000e+00 -5.4420e+01 -4.0331e+02 -7.5222e+02
0.0000e+00 0.0000e+00 0.0000e+00 -7.6104e-04 1.0618e+03 -1.0618e+03
0.0000e+00 0.0000e+00 0.0000e+00 -3.5389e+02 -1.6055e-02 -3.5388e+02
0.0000e+00 0.0000e+00 0.0000e+00 1.7057e-02 -3.5392e+02 -3.5392e+02
0.0000e+00 0.0000e+00 0.0000e+00 -5.5780e+01 -4.0973e+02 -7.6370e+02
0.0000e+00 0.0000e+00 0.0000e+00 -8.8886e-04 1.0771e+03 -1.0771e+03
0.0000e+00 0.0000e+00 0.0000e+00 -3.5899e+02 -1.7799e-02 -3.5899e+02
0.0000e+00 0.0000e+00 0.0000e+00 1.8571e-02 -3.5903e+02 -3.5903e+02
0.0000e+00 0.0000e+00 0.0000e+00 -5.7165e+01 -4.1622e+02 -7.7529e+02
0.0000e+00 0.0000e+00 0.0000e+00 -9.2365e-04 1.0925e+03 -1.0925e+03
0.0000e+00 0.0000e+00 0.0000e+00 -3.6414e+02 -1.7151e-02 -3.6414e+02
0.0000e+00 0.0000e+00 0.0000e+00 1.8738e-02 -3.6418e+02 -3.6418e+02
0.0000e+00 0.0000e+00 0.0000e+00 -5.8579e+01 -4.2279e+02 -7.8702e+02
0.0000e+00 0.0000e+00 0.0000e+00 -7.4082e-04 1.1081e+03 -1.1081e+03
0.0000e+00 0.0000e+00 0.0000e+00 -3.6935e+02 -1.6641e-02 -3.6934e+02
0.0000e+00 0.0000e+00 0.0000e+00 1.7620e-02 -3.6938e+02 -3.6938e+02
0.0000e+00 0.0000e+00 0.0000e+00 -6.0024e+01 -4.2943e+02 -7.9886e+02
0.0000e+00 0.0000e+00 0.0000e+00 -9.9508e-04 1.1239e+03 -1.1239e+03
0.0000e+00 0.0000e+00 0.0000e+00 -3.7460e+02 -1.7467e-02 -3.7459e+02
0.0000e+00 0.0000e+00 0.0000e+00 1.7569e-02 -3.7464e+02 -3.7463e+02
0.0000e+00 0.0000e+00 0.0000e+00 -6.1496e+01 -4.3616e+02 -8.1084e+02
0.0000e+00 0.0000e+00 0.0000e+00 -7.7592e-04 1.1398e+03 -1.1398e+03
0.0000e+00 0.0000e+00 0.0000e+00 -3.7990e+02 -1.7099e-02 -3.7989e+02
0.0000e+00 0.0000e+00 0.0000e+00 1.9124e-02 -3.7994e+02 -3.7994e+02
0.0000e+00 0.0000e+00 0.0000e+00 -6.2996e+01 -4.4296e+02 -8.2294e+02
0.0000e+00 0.0000e+00 0.0000e+00 -8.6816e-04 1.1559e+03 -1.1559e+03
0.0000e+00 0.0000e+00 0.0000e+00 -3.8525e+02 -1.7844e-02 -3.8524e+02
0.0000e+00 0.0000e+00 0.0000e+00 1.8957e-02 -3.8529e+02 -3.8529e+02
0.0000e+00 0.0000e+00 0.0000e+00 -6.4528e+01 -4.4984e+02 -8.3518e+02
0.0000e+00 0.0000e+00 0.0000e+00 -9.4149e-04 1.1721e+03 -1.1721e+03
0.0000e+00 0.0000e+00 0.0000e+00 -3.9065e+02 -1.7273e-02 -3.9065e+02
0.0000e+00 0.0000e+00 0.0000e+00 1.7439e-02 -3.9069e+02 -3.9069e+02
0.0000e+00 0.0000e+00 0.0000e+00 -6.6091e+01 -4.5680e+02 -8.4754e+02
0.0000e+00 0.0000e+00 0.0000e+00 -7.3332e-04 1.1884e+03 -1.1884e+03
0.0000e+00 0.0000e+00 0.0000e+00 -3.9610e+02 -1.6735e-02 -3.9610e+02
0.0000e+00 0.0000e+00 0.0000e+00 1.8517e-02 -3.9614e+02 -3.9614e+02
0.0000e+00 0.0000e+00 0.0000e+00 -6.7682e+01 -4.6385e+02 -8.6004e+02
0.0000e+00 0.0000e+00 0.0000e+00 -9.8911e-04 1.2049e+03 -1.2049e+03
0.0000e+00 0.0000e+00 0.0000e+00 -4.0160e+02 -1.8724e-02 -4.0160e+02
0.0000e+00 0.0000e+00 0.0000e+00 1.9477e-02 -4.0164e+02 -4.0164e+02
0.0000e+00 0.0000e+00 0.0000e+00 -6.9304e+01 -4.7097e+02 -8.7266e+02
0.0000e+00 0.0000e+00 0.0000e+00 -7.9286e-04 1.2216e+03 -1.2216e+03
0.0000e+00 0.0000e+00 0.0000e+00 -4.0715e+02 -1.7432e-02 -4.0715e+02
0.0000e+00 0.0000e+00 0.0000e+00 1.8772e-02 -4.0719e+02 -4.0719e+02
0.0000e+00 0.0000e+00 0.0000e+00 -7.0961e+01 -4.7818e+02 -8.8542e+02
0.0000e+00 0.0000e+00 0.0000e+00 -8.4734e-04 1.2384e+03 -1.2384e+03
0.0000e+00 0.0000e+00 0.0000e+00 -4.1276e+02 -1.6968e-02 -4.1276e+02
0.0000e+00 0.0000e+00 0.0000e+00 1.8072e-02 -4.1280e+02 -4.1280e+02
0.0000e+00 0.0000e+00 0.0000e+00 -7.2649e+01 -4.8547e+02 -8.9832e+02
0.0000e+00 0.0000e+00 0.0000e+00 -9.5746e-04 1.2554e+03 -1.2554e+03
0.0000e+00 0.0000e+00 0.0000e+00 -4.1841e+02 -1.8607e-02 -4.1841e+02
0.0000e+00 0.0000e+00 0.0000e+00 1.8770e-02 -4.1845e+02 -4.1845e+02
0.0000e+00 0.0000e+00 0.0000e+00 -7.4368e+01 -4.9285e+02 -9.1135e+02
0.0000e+00 0.0000e+00 0.0000e+00 -7.2888e-04 1.2725e+03 -1.2725e+03
0.0000e+00 0.0000e+00 0.0000e+00 -4.2412e+02 -1.7618e-02 -4.2411e+02
0.0000e+00 0.0000e+00 0.0000e+00 2.0122e-02 -4.2416e+02 -4.2416e+02
0.0000e+00 0.0000e+00 0.0000e+00 -7.6120e+01 -5.0031e+02 -9.2451e+02
0.0000e+00 0.0000e+00 0.0000e+00 -9.8014e-04 1.2897e+03 -1.2897e+03
0.0000e+00 0.0000e+00 0.0000e+00 -4.2988e+02 -1.8132e-02 -4.2987e+02
0.0000e+00 0.0000e+00 0.0000e+00 1.8687e-02 -4.2992e+02 -4.2992e+02
0.0000e+00 0.0000e+00 0.0000e+00 -7.7909e+01 -5.0785e+02 -9.3781e+02
0.0000e+00 0.0000e+00 0.0000e+00 -8.1147e-04 1.3072e+03 -1.3072e+03
0.0000e+00 0.0000e+00 0.0000e+00 -4.3569e+02 -1.7902e-02 -4.3568e+02
0.0000e+00 0.0000e+00 0.0000e+00 1.8180e-02 -4.3573e+02 -4.3572e+02
0.0000e+00 0.0000e+00 0.0000e+00 -7.9730e+01 -5.1548e+02 -9.5125e+02
0.0000e+00 0.0000e+00 0.0000e+00 -8.2688e-04 1.3248e+03 -1.3248e+03
0.0000e+00 0.0000e+00 0.0000e+00 -4.4155e+02 -1.7631e-02 -4.4154e+02
0.0000e+00 0.0000e+00 0.0000e+00 1.9981e-02 -4.4159e+02 -4.4159e+02
0.0000e+00 0.0000e+00 0.0000e+00 -8.1584e+01 -5.2320e+02 -9.6484e+02
0.0000e+00 0.0000e+00 0.0000e+00 -9.7119e-04 1.3425e+03 -1.3425e+03
0.0000e+00 0.0000e+00 0.0000e+00 -4.4746e+02 -1.9336e-02 -4.4746e+02
0.0000e+00 0.0000e+00 0.0000e+00 1.9791e-02 -4.4750e+02 -4.4750e+02
0.0000e+00 0.0000e+00 0.0000e+00 -8.3475e+01 -5.3100e+02 -9.7856e+02
0.0000e+00 0.0000e+00 0.0000e+00 -7.2762e-04 1.3604e+03 -1.3604e+03
0.0000e+00 0.0000e+00 0.0000e+00 -4.5343e+02 -1.7578e-02 -4.5342e+02
0.0000e+00 0.0000e+00 0.0000e+00 1.8915e-02 -4.5347e+02 -4.5347e+02
0.0000e+00 0.0000e+00 0.0000e+00 -8.5403e+01 -5.3890e+02 -9.9241e+02
0.0000e+00 0.0000e+00 0.0000e+00 -9.6840e-04 1.3785e+03 -1.3785e+03
0.0000e+00 0.0000e+00 0.0000e+00 -4.5945e+02 -1.7799e-02 -4.5944e+02
0.0000e+00 0.0000e+00 0.0000e+00 1.8877e-02 -4.5949e+02 -4.5949e+02
0.0000e+00 0.0000e+00 0.0000e+00 -8.7366e+01 -5.4688e+02 -1.0064e+03
0.0000e+00 0.0000e+00 0.0000e+00 -8.3129e-04 1.3967e+03 -1.3967e+03
0.0000e+00 0.0000e+00 0.0000e+00 -4.6552e+02 -1.9494e-02 -4.6551e+02
0.0000e+00 0.0000e+00 0.0000e+00 2.0155e-02 -4.6556e+02 -4.6556e+02
0.0000e+00 0.0000e+00 0.0000e+00 -8.9364e+01 -5.5495e+02 -1.0206e+03
0.0000e+00 0.0000e+00 0.0000e+00 -8.0728e-04 1.4151e+03 -1.4150e+03
0.0000e+00 0.0000e+00 0.0000e+00 -4.7164e+02 -1.7984e-02 -4.7164e+02
0.0000e+00 0.0000e+00 0.0000e+00 2.0348e-02 -4.7169e+02 -4.7168e+02
0.0000e+00 0.0000e+00 0.0000e+00 -9.1402e+01 -5.6311e+02 -1.0349e+03
0.0000e+00 0.0000e+00 0.0000e+00 -9.8234e-04 1.4336e+03 -1.4336e+03
0.0000e+00 0.0000e+00 0.0000e+00 -4.7782e+02 -1.8499e-02 -4.7782e+02
0.0000e+00 0.0000e+00 0.0000e+00 1.8647e-02 -4.7787e+02 -4.7786e+02
0.0000e+00 0.0000e+00 0.0000e+00 -9.3479e+01 -5.7137e+02 -1.0493e+03
0.0000e+00 0.0000e+00 0.0000e+00 -7.2958e-04 1.4523e+03 -1.4523e+03
0.0000e+00 0.0000e+00 0.0000e+00 -4.8406e+02 -1.8699e-02 -4.8405e+02
0.0000e+00 0.0000e+00 0.0000e+00 1.9608e-02 -4.8410e+02 -4.8410e+02
0.0000e+00 0.0000e+00 0.0000e+00 -9.5591e+01 -5.7972e+02 -1.0639e+03
0.0000e+00 0.0000e+00 0.0000e+00 -9.5415e-04 1.4711e+03 -1.4711e+03
0.0000e+00 0.0000e+00 0.0000e+00 -4.9034e+02 -1.8567e-02 -4.9034e+02
0.0000e+00 0.0000e+00 0.0000e+00 2.0877e-02 -4.9038e+02 -4.9038e+02
0.0000e+00 0.0000e+00 0.0000e+00 -9.7742e+01 -5.8815e+02 -1.0786e+03
0.0000e+00 0.0000e+00 0.0000e+00 -8.5186e-04 1.4902e+03 -1.4902e+03
0.0000e+00 0.0000e+00 0.0000e+00 -4.9668e+02 -1.9489e-02 -4.9668e+02
0.0000e+00 0.0000e+00 0.0000e+00 1.9891e-02 -4.9673e+02 -4.9672e+02
0.0000e+00 0.0000e+00 0.0000e+00 -9.9935e+01 -5.9669e+02 -1.0935e+03
0.0000e+00 0.0000e+00 0.0000e+00 -7.8900e-04 1.5094e+03 -1.5094e+03
0.0000e+00 0.0000e+00 0.0000e+00 -5.0308e+02 -1.8086e-02 -5.0308e+02
0.0000e+00 0.0000e+00 0.0000e+00 1.9283e-02 -5.0312e+02 -5.0312e+02
0.0000e+00 0.0000e+00 0.0000e+00 -1.0217e+02 -6.0532e+02 -1.1085e+03
0.0000e+00 0.0000e+00 0.0000e+00 -9.9067e-04 1.5287e+03 -1.5287e+03
0.0000e+00 0.0000e+00 0.0000e+00 -5.0953e+02 -1.8799e-02 -5.0953e+02
0.0000e+00 0.0000e+00 0.0000e+00 2.0124e-02 -5.0957e+02 -5.0957e+02
0.0000e+00 0.0000e+00 0.0000e+00 -1.0444e+02 -6.1404e+02 -1.1237e+03
0.0000e+00 0.0000e+00 0.0000e+00 -7.3469e-04 1.5482e+03 -1.5482e+03
0.0000e+00 0.0000e+00 0.0000e+00 -5.1603e+02 -2.0031e-02 -5.1603e+02
0.0000e+00 0.0000e+00 0.0000e+00 2.1160e-02 -5.1608e+02 -5.1608e+02
0.0000e+00 0.0000e+00 0.0000e+00 -1.0675e+02 -6.2286e+02 -1.1390e+03
0.0000e+00 0.0000e+00 0.0000e+00 -9.3773e-04 1.5679e+03 -1.5679e+03
0.0000e+00 0.0000e+00 0.0000e+00 -5.2259e+02 -1.8395e-02 -5.2259e+02
0.0000e+00 0.0000e+00 0.0000e+00 2.0040e-02 -5.2264e+02 -5.2263e+02
0.0000e+00 0.0000e+00 0.0000e+00 -1.0911e+02 -6.3177e+02 -1.1545e+03
0.0000e+00 0.0000e+00 0.0000e+00 -8.7270e-04 1.5878e+03 -1.5877e+03
0.0000e+00 0.0000e+00 0.0000e+00 -5.2921e+02 -1.8936e-02 -5.2921e+02
0.0000e+00 0.0000e+00 0.0000e+00 1.9441e-02 -5.2925e+02 -5.2925e+02
0.0000e+00 0.0000e+00 0.0000e+00 -1.1151e+02 -6.4079e+02 -1.1701e+03
0.0000e+00 0.0000e+00 0.0000e+00 -7.7248e-04 1.6078e+03 -1.6078e+03
0.0000e+00 0.0000e+00 0.0000e+00 -5.3588e+02 -1.9739e-02 -5.3588e+02
0.0000e+00 0.0000e+00 0.0000e+00 2.1010e-02 -5.3592e+02 -5.3592e+02
0.0000e+00 0.0000e+00 0.0000e+00 -1.1395e+02 -6.4990e+02 -1.1859e+03
0.0000e+00 0.0000e+00 0.0000e+00 -9.9596e-04 1.6279e+03 -1.6279e+03
0.0000e+00 0.0000e+00 0.0000e+00 -5.4260e+02 -1.9161e-02 -5.4260e+02
0.0000e+00 0.0000e+00 0.0000e+00 2.1238e-02 -5.4265e+02 -5.4265e+02
0.0000e+00 0.0000e+00 0.0000e+00 -1.1644e+02 -6.5911e+02 -1.2018e+03
0.0000e+00 0.0000e+00 0.0000e+00 -7.4285e-04 1.6483e+03 -1.6483e+03
0.0000e+00 0.0000e+00 0.0000e+00 -5.4939e+02 -1.9529e-02 -5.4939e+02
0.0000e+00 0.0000e+00 0.0000e+00 2.0038e-02 -5.4943e+02 -5.4943e+02
0.0000e+00 0.0000e+00 0.0000e+00 -1.1897e+02 -6.6843e+02 -1.2179e+03
0.0000e+00 0.0000e+00 0.0000e+00 -9.1954e-04 1.6688e+03 -1.6688e+03
0.0000e+00 0.0000e+00 0.0000e+00 -5.5623e+02 -1.9077e-02 -5.5623e+02
0.0000e+00 0.0000e+00 0.0000e+00 2.0030e-02 -5.5627e+02 -5.5627e+02
0.0000e+00 0.0000e+00 0.0000e+00 -1.2154e+02 -6.7784e+02 -1.2342e+03
0.0000e+00 0.0000e+00 0.0000e+00 -8.9330e-04 1.6895e+03 -1.6895e+03
0.0000e+00 0.0000e+00 0.0000e+00 -5.6312e+02 -1.9557e-02 -5.6312e+02
0.0000e+00 0.0000e+00 0.0000e+00 2.1574e-02 -5.6317e+02 -5.6317e+02
0.0000e+00 0.0000e+00 0.0000e+00 -1.2416e+02 -6.8736e+02 -1.2506e+03
0.0000e+00 0.0000e+00 0.0000e+00 -7.5809e-04 1.7104e+03 -1.7104e+03
0.0000e+00 0.0000e+00 0.0000e+00 -5.7007e+02 -2.0428e-02 -5.7007e+02
0.0000e+00 0.0000e+00 0.0000e+00 2.1354e-02 -5.7012e+02 -5.7012e+02
0.0000e+00 0.0000e+00 0.0000e+00 -1.2683e+02 -6.9698e+02 -1.2672e+03
0.0000e+00 0.0000e+00 0.0000e+00 -9.9809e-04 1.7314e+03 -1.7314e+03
0.0000e+00 0.0000e+00 0.0000e+00 -5.7709e+02 -1.8846e-02 -5.7708e+02
0.0000e+00 0.0000e+00 0.0000e+00 2.0007e-02 -5.7713e+02 -5.7713e+02
0.0000e+00 0.0000e+00 0.0000e+00 -1.2954e+02 -7.0670e+02 -1.2839e+03
0.0000e+00 0.0000e+00 0.0000e+00 -7.5385e-04 1.7526e+03 -1.7526e+03
0.0000e+00 0.0000e+00 0.0000e+00 -5.8415e+02 -1.9586e-02 -5.8415e+02
0.0000e+00 0.0000e+00 0.0000e+00 2.0872e-02 -5.8420e+02 -5.8420e+02
0.0000e+00 0.0000e+00 0.0000e+00 -1.3230e+02 -7.1653e+02 -1.3008e+03
0.0000e+00 0.0000e+00 0.0000e+00 -9.0000e-04 1.7740e+03 -1.7740e+03
0.0000e+00 0.0000e+00 0.0000e+00 -5.9127e+02 -2.0787e-02 -5.9127e+02
0.0000e+00 0.0000e+00 0.0000e+00 2.1886e-02 -5.9132e+02 -5.9132e+02
0.0000e+00 0.0000e+00 0.0000e+00 -1.3511e+02 -7.2646e+02 -1.3178e+03
0.0000e+00 0.0000e+00 0.0000e+00 -9.1318e-04 1.7955e+03 -1.7955e+03
0.0000e+00 0.0000e+00 0.0000e+00 -5.9846e+02 -1.9309e-02 -5.9846e+02
0.0000e+00 0.0000e+00 0.0000e+00 2.1381e-02 -5.9850e+02 -5.9850e+02
0.0000e+00 0.0000e+00 0.0000e+00 -1.3797e+02 -7.3650e+02 -1.3351e+03
0.0000e+00 0.0000e+00 0.0000e+00 -7.4619e-04 1.8172e+03 -1.8172e+03
0.0000e+00 0.0000e+00 0.0000e+00 -6.0570e+02 -1.9943e-02 -6.0570e+02
0.0000e+00 0.0000e+00 0.0000e+00 2.0366e-02 -6.0574e+02 -6.0574e+02
0.0000e+00 0.0000e+00 0.0000e+00 -1.4088e+02 -7.4665e+02 -1.3524e+03
0.0000e+00 0.0000e+00 0.0000e+00 -9.9702e-04 1.8391e+03 -1.8391e+03
0.0000e+00 0.0000e+00 0.0000e+00 -6.1300e+02 -2.0196e-02 -6.1299e+02
0.0000e+00 0.0000e+00 0.0000e+00 2.1287e-02 -6.1304e+02 -6.1304e+02
0.0000e+00 0.0000e+00 0.0000e+00 -1.4384e+02 -7.5691e+02 -1.3700e+03
0.0000e+00 0.0000e+00 0.0000e+00 -7.6744e-04 1.8612e+03 -1.8612e+03
0.0000e+00 0.0000e+00 0.0000e+00 -6.2035e+02 -2.0026e-02 -6.2035e+02
0.0000e+00 0.0000e+00 0.0000e+00 2.2592e-02 -6.2040e+02 -6.2040e+02
0.0000e+00 0.0000e+00 0.0000e+00 -1.4685e+02 -7.6727e+02 -1.3877e+03
0.0000e+00 0.0000e+00 0.0000e+00 -8.7958e-04 1.8834e+03 -1.8834e+03
0.0000e+00 0.0000e+00 0.0000e+00 -6.2777e+02 -2.0819e-02 -6.2776e+02
0.0000e+00 0.0000e+00 0.0000e+00 2.1039e-02 -6.2781e+02 -6.2781e+02
0.0000e+00 0.0000e+00 0.0000e+00 -1.4991e+02 -7.7775e+02 -1.4056e+03
0.0000e+00 0.0000e+00 0.0000e+00 -9.3186e-04 1.9059e+03 -1.9059e+03
0.0000e+00 0.0000e+00 0.0000e+00 -6.3524e+02 -1.9375e-02 -6.3524e+02
0.0000e+00 0.0000e+00 0.0000e+00 2.0802e-02 -6.3529e+02 -6.3528e+02
0.0000e+00 0.0000e+00 0.0000e+00 -1.5302e+02 -7.8833e+02 -1.4237e+03
0.0000e+00 0.0000e+00 0.0000e+00 -7.3706e-04 1.9285e+03 -1.9284e+03
0.0000e+00 0.0000e+00 0.0000e+00 -6.4277e+02 -2.0514e-02 -6.4277e+02
0.0000e+00 0.0000e+00 0.0000e+00 2.2252e-02 -6.4282e+02 -6.4282e+02
0.0000e+00 0.0000e+00 0.0000e+00 -1.5619e+02 -7.9903e+02 -1.4419e+03
0.0000e+00 0.0000e+00 0.0000e+00 -9.9276e-04 1.9512e+03 -1.9512e+03
0.0000e+00 0.0000e+00 0.0000e+00 -6.5036e+02 -2.1438e-02 -6.5036e+02
0.0000e+00 0.0000e+00 0.0000e+00 2.2289e-02 -6.5041e+02 -6.5041e+02
0.0000e+00 0.0000e+00 0.0000e+00 -1.5941e+02 -8.0985e+02 -1.4603e+03
0.0000e+00 0.0000e+00 0.0000e+00 -7.8329e-04 1.9742e+03 -1.9742e+03
0.0000e+00 0.0000e+00 0.0000e+00 -6.5802e+02 -1.9399e-02 -6.5801e+02
0.0000e+00 0.0000e+00 0.0000e+00 2.1498e-02 -6.5806e+02 -6.5806e+02
0.0000e+00 0.0000e+00 0.0000e+00 -1.6268e+02 -8.2077e+02 -1.4789e+03
0.0000e+00 0.0000e+00 0.0000e+00 -8.5877e-04 1.9973e+03 -1.9973e+03
0.0000e+00 0.0000e+00 0.0000e+00 -6.6573e+02 -2.0802e-02 -6.6573e+02
0.0000e+00 0.0000e+00 0.0000e+00 2.1113e-02 -6.6578e+02 -6.6577e+02
0.0000e+00 0.0000e+00 0.0000e+00 -1.6601e+02 -8.3181e+02 -1.4976e+03
0.0000e+00 0.0000e+00 0.0000e+00 -9.4891e-04 2.0206e+03 -2.0206e+03
0.0000e+00 0.0000e+00 0.0000e+00 -6.7350e+02 -2.1079e-02 -6.7350e+02
0.0000e+00 0.0000e+00 0.0000e+00 2.2753e-02 -6.7355e+02 -6.7354e+02
0.0000e+00 0.0000e+00 0.0000e+00 -1.6939e+02 -8.4297e+02 -1.5166e+03
0.0000e+00 0.0000e+00 0.0000e+00 -7.3092e-04 2.0441e+03 -2.0441e+03
0.0000e+00 0.0000e+00 0.0000e+00 -6.8133e+02 -2.0392e-02 -6.8133e+02
0.0000e+00 0.0000e+00 0.0000e+00 2.2762e-02 -6.8138e+02 -6.8138e+02
0.0000e+00 0.0000e+00 0.0000e+00 -1.7284e+02 -8.5424e+02 -1.5357e+03
0.0000e+00 0.0000e+00 0.0000e+00 -9.8542e-04 2.0678e+03 -2.0678e+03
0.0000e+00 0.0000e+00 0.0000e+00 -6.8922e+02 -2.1187e-02 -6.8922e+02
0.0000e+00 0.0000e+00 0.0000e+00 2.1047e-02 -6.8927e+02 -6.8927e+02
0.0000e+00 0.0000e+00 0.0000e+00 -1.7634e+02 -8.6564e+02 -1.5550e+03
0.0000e+00 0.0000e+00 0.0000e+00 -8.0103e-04 2.0917e+03 -2.0917e+03
0.0000e+00 0.0000e+00 0.0000e+00 -6.9718e+02 -2.0174e-02 -6.9717e+02
0.0000e+00 0.0000e+00 0.0000e+00 2.2178e-02 -6.9722e+02 -6.9722e+02
0.0000e+00 0.0000e+00 0.0000e+00 -1.7990e+02 -8.7715e+02 -1.5744e+03
0.0000e+00 0.0000e+00 0.0000e+00 -8.3805e-04 2.1157e+03 -2.1157e+03
0.0000e+00 0.0000e+00 0.0000e+00 -7.0519e+02 -2.1428e-02 -7.0519e+02
0.0000e+00 0.0000e+00 0.0000e+00 2.3159e-02 -7.0524e+02 -7.0524e+02
0.0000e+00 0.0000e+00 0.0000e+00 -1.8351e+02 -8.8878e+02 -1.5941e+03
0.0000e+00 0.0000e+00 0.0000e+00 -9.6392e-04 2.1399e+03 -2.1399e+03
0.0000e+00 0.0000e+00 0.0000e+00 -7.1326e+02 -2.1629e-02 -7.1326e+02
0.0000e+00 0.0000e+00 0.0000e+00 2.2460e-02 -7.1331e+02 -7.1331e+02
0.0000e+00 0.0000e+00 0.0000e+00 -1.8719e+02 -9.0053e+02 -1.6139e+03
0.0000e+00 0.0000e+00 0.0000e+00 -7.2790e-04 2.1643e+03 -2.1643e+03
0.0000e+00 0.0000e+00 0.0000e+00 -7.2140e+02 -1.9897e-02 -7.2140e+02
0.0000e+00 0.0000e+00 0.0000e+00 2.1758e-02 -7.2145e+02 -7.2145e+02
0.0000e+00 0.0000e+00 0.0000e+00 -1.9093e+02 -9.1241e+02 -1.6339e+03
0.0000e+00 0.0000e+00 0.0000e+00 -9.7518e-04 2.1889e+03 -2.1889e+03
0.0000e+00 0.0000e+00 0.0000e+00 -7.2960e+02 -2.1745e-02 -7.2960e+02
0.0000e+00 0.0000e+00 0.0000e+00 2.2431e-02 -7.2965e+02 -7.2965e+02
0.0000e+00 0.0000e+00 0.0000e+00 -1.9473e+02 -9.2440e+02 -1.6541e+03
0.0000e+00 0.0000e+00 0.0000e+00 -8.2024e-04 2.2137e+03 -2.2137e+03
0.0000e+00 0.0000e+00 0.0000e+00 -7.3786e+02 -2.1715e-02 -7.3785e+02
0.0000e+00 0.0000e+00 0.0000e+00 2.3737e-02 -7.3791e+02 -7.3791e+02
0.0000e+00 0.0000e+00 0.0000e+00 -1.9859e+02 -9.3652e+02 -1.6745e+03
0.0000e+00 0.0000e+00 0.0000e+00 -8.1792e-04 2.2387e+03 -2.2387e+03
0.0000e+00 0.0000e+00 0.0000e+00 -7.4618e+02 -2.0730e-02 -7.4618e+02
0.0000e+00 0.0000e+00 0.0000e+00 2.2456e-02 -7.4623e+02 -7.4623e+02
0.0000e+00 0.0000e+00 0.0000e+00 -2.0251e+02 -9.4877e+02 -1.6951e+03
0.0000e+00 0.0000e+00 0.0000e+00 -9.7653e-04 2.2638e+03 -2.2638e+03
0.0000e+00 0.0000e+00 0.0000e+00 -7.5457e+02 -2.1624e-02 -7.5456e+02
0.0000e+00 0.0000e+00 0.0000e+00 2.1866e-02 -7.5461e+02 -7.5461e+02
0.0000e+00 0.0000e+00 0.0000e+00 -2.0650e+02 -9.6114e+02 -1.7158e+03
0.0000e+00 0.0000e+00 0.0000e+00 -7.2809e-04 2.2892e+03 -2.2892e+03
0.0000e+00 0.0000e+00 0.0000e+00 -7.6301e+02 -2.1281e-02 -7.6301e+02
0.0000e+00 0.0000e+00 0.0000e+00 2.3491e-02 -7.6306e+02 -7.6306e+02
0.0000e+00 0.0000e+00 0.0000e+00 -2.1055e+02 -9.7364e+02 -1.7368e+03
0.0000e+00 0.0000e+00 0.0000e+00 -9.6227e-04 2.3147e+03 -2.3147e+03
0.0000e+00 0.0000e+00 0.0000e+00 -7.7152e+02 -2.1914e-02 -7.7152e+02
0.0000e+00 0.0000e+00 0.0000e+00 2.3643e-02 -7.7157e+02 -7.7157e+02
0.0000e+00 0.0000e+00 0.0000e+00 -2.1467e+02 -9.8627e+02 -1.7579e+03
0.0000e+00 0.0000e+00 0.0000e+00 -8.4046e-04 2.3404e+03 -2.3404e+03
0.0000e+00 0.0000e+00 0.0000e+00 -7.8009e+02 -2.1786e-02 -7.8009e+02
0.0000e+00 0.0000e+00 0.0000e+00 2.2537e-02 -7.8014e+02 -7.8014e+02
0.0000e+00 0.0000e+00 0.0000e+00 -2.1886e+02 -9.9903e+02 -1.7792e+03
0.0000e+00 0.0000e+00 0.0000e+00 -7.9886e-04 2.3663e+03 -2.3663e+03
0.0000e+00 0.0000e+00 0.0000e+00 -7.8873e+02 -2.0819e-02 -7.8873e+02
0.0000e+00 0.0000e+00 0.0000e+00 2.2481e-02 -7.8878e+02 -7.8878e+02
0.0000e+00 0.0000e+00 0.0000e+00 -2.2311e+02 -1.0119e+03 -1.8008e+03
0.0000e+00 0.0000e+00 0.0000e+00 -9.8644e-04 2.3924e+03 -2.3924e+03
0.0000e+00 0.0000e+00 0.0000e+00 -7.9743e+02 -2.2465e-02 -7.9743e+02
0.0000e+00 0.0000e+00 0.0000e+00 2.3955e-02 -7.9748e+02 -7.9748e+02
0.0000e+00 0.0000e+00 0.0000e+00 -2.2743e+02 -1.0249e+03 -1.8225e+03
0.0000e+00 0.0000e+00 0.0000e+00 -7.3148e-04 2.4187e+03 -2.4187e+03
0.0000e+00 0.0000e+00 0.0000e+00 -8.0619e+02 -2.2254e-02 -8.0619e+02
0.0000e+00 0.0000e+00 0.0000e+00 2.3853e-02 -8.0624e+02 -8.0624e+02
0.0000e+00 0.0000e+00 0.0000e+00 -2.3181e+02 -1.0381e+03 -1.8444e+03
0.0000e+00 0.0000e+00 0.0000e+00 -9.4700e-04 2.4452e+03 -2.4452e+03
0.0000e+00 0.0000e+00 0.0000e+00 -8.1502e+02 -2.1020e-02 -8.1502e+02
0.0000e+00 0.0000e+00 0.0000e+00 2.2506e-02 -8.1507e+02 -8.1507e+02
0.0000e+00 0.0000e+00 0.0000e+00 -2.3628e+02 -1.0514e+03 -1.8665e+03
0.0000e+00 0.0000e+00 0.0000e+00 -8.6121e-04 2.4719e+03 -2.4719e+03
0.0000e+00 0.0000e+00 0.0000e+00 -8.2391e+02 -2.2363e-02 -8.2391e+02
0.0000e+00 0.0000e+00 0.0000e+00 2.3215e-02 -8.2396e+02 -8.2396e+02
0.0000e+00 0.0000e+00 0.0000e+00 -2.4080e+02 -1.0648e+03 -1.8888e+03
0.0000e+00 0.0000e+00 0.0000e+00 -7.8132e-04 2.4987e+03 -2.4987e+03
0.0000e+00 0.0000e+00 0.0000e+00 -8.3287e+02 -2.2346e-02 -8.3286e+02
0.0000e+00 0.0000e+00 0.0000e+00 2.4389e-02 -8.3292e+02 -8.3292e+02
0.0000e+00 0.0000e+00 0.0000e+00 -2.4540e+02 -1.0784e+03 -1.9113e+03
0.0000e+00 0.0000e+00 0.0000e+00 -9.9342e-04 2.5258e+03 -2.5258e+03
0.0000e+00 0.0000e+00 0.0000e+00 -8.4189e+02 -2.1963e-02 -8.4188e+02
0.0000e+00 0.0000e+00 0.0000e+00 2.3866e-02 -8.4194e+02 -8.4194e+02
0.0000e+00 0.0000e+00 0.0000e+00 -2.5008e+02 -1.0920e+03 -1.9340e+03
0.0000e+00 0.0000e+00 0.0000e+00 -7.3798e-04 2.5531e+03 -2.5531e+03
0.0000e+00 0.0000e+00 0.0000e+00 -8.5097e+02 -2.2340e-02 -8.5097e+02
0.0000e+00 0.0000e+00 0.0000e+00 2.2736e-02 -8.5102e+02 -8.5102e+02
0.0000e+00 0.0000e+00 0.0000e+00 -2.5483e+02 -1.1059e+03 -1.9570e+03
0.0000e+00 0.0000e+00 0.0000e+00 -9.2973e-04 2.5805e+03 -2.5805e+03
0.0000e+00 0.0000e+00 0.0000e+00 -8.6012e+02 -2.1810e-02 -8.6012e+02
0.0000e+00 0.0000e+00 0.0000e+00 2.3826e-02 -8.6017e+02 -8.6017e+02
0.0000e+00 0.0000e+00 0.0000e+00 -2.5965e+02 -1.1199e+03 -1.9801e+03
0.0000e+00 0.0000e+00 0.0000e+00 -8.8200e-04 2.6082e+03 -2.6082e+03
0.0000e+00 0.0000e+00 0.0000e+00 -8.6934e+02 -2.2983e-02 -8.6934e+02
0.0000e+00 0.0000e+00 0.0000e+00 2.4944e-02 -8.6939e+02 -8.6939e+02
0.0000e+00 0.0000e+00 0.0000e+00 -2.6454e+02 -1.1340e+03 -2.0034e+03
0.0000e+00 0.0000e+00 0.0000e+00 -7.6571e-04 2.6360e+03 -2.6360e+03
0.0000e+00 0.0000e+00 0.0000e+00 -8.7862e+02 -2.2711e-02 -8.7862e+02
0.0000e+00 0.0000e+00 0.0000e+00 2.3537e-02 -8.7867e+02 -8.7867e+02
0.0000e+00 0.0000e+00 0.0000e+00 -2.6952e+02 -1.1482e+03 -2.0269e+03
0.0000e+00 0.0000e+00 0.0000e+00 -9.9730e-04 2.6640e+03 -2.6640e+03
0.0000e+00 0.0000e+00 0.0000e+00 -8.8797e+02 -2.1412e-02 -8.8797e+02
0.0000e+00 0.0000e+00 0.0000e+00 2.3335e-02 -8.8802e+02 -8.8802e+02
0.0000e+00 0.0000e+00 0.0000e+00 -2.7457e+02 -1.1626e+03 -2.0507e+03
0.0000e+00 0.0000e+00 0.0000e+00 -7.4744e-04 2.6923e+03 -2.6923e+03
0.0000e+00 0.0000e+00 0.0000e+00 -8.9738e+02 -2.3408e-02 -8.9738e+02
0.0000e+00 0.0000e+00 0.0000e+00 2.4503e-02 -8.9743e+02 -8.9743e+02
0.0000e+00 0.0000e+00 0.0000e+00 -2.7970e+02 -1.1772e+03 -2.0747e+03
0.0000e+00 0.0000e+00 0.0000e+00 -9.1088e-04 2.7207e+03 -2.7207e+03
0.0000e+00 0.0000e+00 0.0000e+00 -9.0686e+02 -2.2955e-02 -9.0686e+02
0.0000e+00 0.0000e+00 0.0000e+00 2.4910e-02 -9.0691e+02 -9.0691e+02
0.0000e+00 0.0000e+00 0.0000e+00 -2.8490e+02 -1.1918e+03 -2.0988e+03
0.0000e+00 0.0000e+00 0.0000e+00 -9.0234e-04 2.7494e+03 -2.7494e+03
0.0000e+00 0.0000e+00 0.0000e+00 -9.1641e+02 -2.2027e-02 -9.1641e+02
0.0000e+00 0.0000e+00 0.0000e+00 2.3923e-02 -9.1646e+02 -9.1646e+02
0.0000e+00 0.0000e+00 0.0000e+00 -2.9019e+02 -1.2067e+03 -2.1232e+03
0.0000e+00 0.0000e+00 0.0000e+00 -7.5240e-04 2.7782e+03 -2.7782e+03
0.0000e+00 0.0000e+00 0.0000e+00 -9.2602e+02 -2.3260e-02 -9.2602e+02
0.0000e+00 0.0000e+00 0.0000e+00 2.3455e-02 -9.2607e+02 -9.2607e+02
0.0000e+00 0.0000e+00 0.0000e+00 -2.9556e+02 -1.2217e+03 -2.1478e+03
0.0000e+00 0.0000e+00 0.0000e+00 -9.9800e-04 2.8072e+03 -2.8072e+03
0.0000e+00 0.0000e+00 0.0000e+00 -9.3570e+02 -2.2621e-02 -9.3570e+02
0.0000e+00 0.0000e+00 0.0000e+00 2.5357e-02 -9.3575e+02 -9.3575e+02
0.0000e+00 0.0000e+00 0.0000e+00 -3.0101e+02 -1.2368e+03 -2.1726e+03
0.0000e+00 0.0000e+00 0.0000e+00 -7.5964e-04 2.8365e+03 -2.8365e+03
0.0000e+00 0.0000e+00 0.0000e+00 -9.4545e+02 -2.3405e-02 -9.4544e+02
0.0000e+00 0.0000e+00 0.0000e+00 2.5059e-02 -9.4550e+02 -9.4550e+02
0.0000e+00 0.0000e+00 0.0000e+00 -3.0655e+02 -1.2521e+03 -2.1976e+03
0.0000e+00 0.0000e+00 0.0000e+00 -8.9089e-04 2.8659e+03 -2.8659e+03
0.0000e+00 0.0000e+00 0.0000e+00 -9.5526e+02 -2.3072e-02 -9.5526e+02
0.0000e+00 0.0000e+00 0.0000e+00 2.3606e-02 -9.5531e+02 -9.5531e+02
0.0000e+00 0.0000e+00 0.0000e+00 -3.1217e+02 -1.2675e+03 -2.2229e+03
0.0000e+00 0.0000e+00 0.0000e+00 -9.2174e-04 2.8956e+03 -2.8956e+03
0.0000e+00 0.0000e+00 0.0000e+00 -9.6514e+02 -2.2171e-02 -9.6514e+02
0.0000e+00 0.0000e+00 0.0000e+00 2.4636e-02 -9.6520e+02 -9.6519e+02
0.0000e+00 0.0000e+00 0.0000e+00 -3.1787e+02 -1.2831e+03 -2.2484e+03
0.0000e+00 0.0000e+00 0.0000e+00 -7.4172e-04 2.9254e+03 -2.9254e+03
0.0000e+00 0.0000e+00 0.0000e+00 -9.7509e+02 -2.4361e-02 -9.7509e+02
0.0000e+00 0.0000e+00 0.0000e+00 2.5445e-02 -9.7515e+02 -9.7515e+02
0.0000e+00 0.0000e+00 0.0000e+00 -3.2366e+02 -1.2988e+03 -2.2740e+03
0.0000e+00 0.0000e+00 0.0000e+00 -9.9548e-04 2.9555e+03 -2.9555e+03
0.0000e+00 0.0000e+00 0.0000e+00 -9.8511e+02 -2.3150e-02 -9.8511e+02
0.0000e+00 0.0000e+00 0.0000e+00 2.5129e-02 -9.8517e+02 -9.8516e+02
0.0000e+00 0.0000e+00 0.0000e+00 -3.2954e+02 -1.3147e+03 -2.3000e+03
0.0000e+00 0.0000e+00 0.0000e+00 -7.7430e-04 2.9857e+03 -2.9857e+03
0.0000e+00 0.0000e+00 0.0000e+00 -9.9520e+02 -2.2497e-02 -9.9520e+02
0.0000e+00 0.0000e+00 0.0000e+00 2.4089e-02 -9.9525e+02 -9.9525e+02
0.0000e+00 0.0000e+00 0.0000e+00 -3.3551e+02 -1.3308e+03 -2.3261e+03
0.0000e+00 0.0000e+00 0.0000e+00 -8.7023e-04 3.0162e+03 -3.0162e+03
0.0000e+00 0.0000e+00 0.0000e+00 -1.0054e+03 -2.4207e-02 -1.0054e+03
0.0000e+00 0.0000e+00 0.0000e+00 2.4843e-02 -1.0054e+03 -1.0054e+03
0.0000e+00 0.0000e+00 0.0000e+00 -3.4156e+02 -1.3470e+03 -2.3525e+03
0.0000e+00 0.0000e+00 0.0000e+00 -9.3974e-04 3.0469e+03 -3.0469e+03
0.0000e+00 0.0000e+00 0.0000e+00 -1.0156e+03 -2.3289e-02 -1.0156e+03
0.0000e+00 0.0000e+00 0.0000e+00 2.6303e-02 -1.0156e+03 -1.0156e+03
0.0000e+00 0.0000e+00 0.0000e+00 -3.4771e+02 -1.3634e+03 -2.3791e+03
0.0000e+00 0.0000e+00 0.0000e+00 -7.3391e-04 3.0778e+03 -3.0778e+03
0.0000e+00 0.0000e+00 0.0000e+00 -1.0259e+03 -2.3697e-02 -1.0259e+03
0.0000e+00 0.0000e+00 0.0000e+00 2.4788e-02 -1.0259e+03 -1.0259e+03
0.0000e+00 0.0000e+00 0.0000e+00 -3.5395e+02 -1.3799e+03 -2.4059e+03
0.0000e+00 0.0000e+00 0.0000e+00 -9.8982e-04 3.1089e+03 -3.1089e+03
0.0000e+00 0.0000e+00 0.0000e+00 -1.0362e+03 -2.3548e-02 -1.0362e+03
0.0000e+00 0.0000e+00 0.0000e+00 2.4415e-02 -1.0363e+03 -1.0363e+03
0.0000e+00 0.0000e+00 0.0000e+00 -3.6028e+02 -1.3966e+03 -2.4329e+03
0.0000e+00 0.0000e+00 0.0000e+00 -7.9105e-04 3.1402e+03 -3.1402e+03
0.0000e+00 0.0000e+00 0.0000e+00 -1.0467e+03 -2.3258e-02 -1.0467e+03
0.0000e+00 0.0000e+00 0.0000e+00 2.5888e-02 -1.0467e+03 -1.0467e+03
0.0000e+00 0.0000e+00 0.0000e+00 -3.6671e+02 -1.4135e+03 -2.4602e+03
