301
0.0000e+00
1.0000e-03
2.0000e-03
3.0000e-03
4.0000e-03
5.0000e-03
6.0000e-03
7.0000e-03
8.0000e-03
9.0000e-03
1.0000e-02
1.1000e-02
1.2000e-02
1.3000e-02
1.4000e-02
1.5000e-02
1.6000e-02
1.7000e-02
1.8000e-02
1.9000e-02
2.0000e-02
2.1000e-02
2.2000e-02
2.3000e-02
2.4000e-02
2.5000e-02
2.6000e-02
2.7000e-02
2.8000e-02
2.9000e-02
3.0000e-02
3.1000e-02
3.2000e-02
3.3000e-02
3.4000e-02
3.5000e-02
3.6000e-02
3.7000e-02
3.8000e-02
3.9000e-02
4.0000e-02
4.1000e-02
4.2000e-02
4.3000e-02
4.4000e-02
4.5000e-02
4.6000e-02
4.7000e-02
4.8000e-02
4.9000e-02
5.0000e-02
5.1000e-02
5.2000e-02
5.3000e-02
5.4000e-02
5.5000e-02
5.6000e-02
5.7000e-02
5.8000e-02
5.9000e-02
6.0000e-02
6.1000e-02
6.2000e-02
6.3000e-02
6.4000e-02
6.5000e-02
6.6000e-02
6.7000e-02
6.8000e-02
6.9000e-02
7.0000e-02
7.1000e-02
7.2000e-02
7.3000e-02
7.4000e-02
7.5000e-02
7.6000e-02
7.7000e-02
7.8000e-02
7.9000e-02
8.0000e-02
8.1000e-02
8.2000e-02
8.3000e-02
8.4000e-02
8.5000e-02
8.6000e-02
8.7000e-02
8.8000e-02
8.9000e-02
9.0000e-02
9.1000e-02
9.2000e-02
9.3000e-02
9.4000e-02
9.5000e-02
9.6000e-02
9.7000e-02
9.8000e-02
9.9000e-02
1.0000e-01
1.0100e-01
1.0200e-01
1.0300e-01
1.0400e-01
1.0500e-01
1.0600e-01
1.0700e-01
1.0800e-01
1.0900e-01
1.1000e-01
1.1100e-01
1.1200e-01
1.1300e-01
1.1400e-01
1.1500e-01
1.1600e-01
1.1700e-01
1.1800e-01
1.1900e-01
1.2000e-01
1.2100e-01
1.2200e-01
1.2300e-01
1.2400e-01
1.2500e-01
1.2600e-01
1.2700e-01
1.2800e-01
1.2900e-01
1.3000e-01
1.3100e-01
1.3200e-01
1.3300e-01
1.3400e-01
1.3500e-01
1.3600e-01
1.3700e-01
1.3800e-01
1.3900e-01
1.4000e-01
1.4100e-01
1.4200e-01
1.4300e-01
1.4400e-01
1.4500e-01
1.4600e-01
1.4700e-01
1.4800e-01
1.4900e-01
1.5000e-01
1.5100e-01
1.5200e-01
1.5300e-01
1.5400e-01
1.5500e-01
1.5600e-01
1.5700e-01
1.5800e-01
1.5900e-01
1.6000e-01
1.6100e-01
1.6200e-01
1.6300e-01
1.6400e-01
1.6500e-01
1.6600e-01
1.6700e-01
1.6800e-01
1.6900e-01
1.7000e-01
1.7100e-01
1.7200e-01
1.7300e-01
1.7400e-01
1.7500e-01
1.7600e-01
1.7700e-01
1.7800e-01
1.7900e-01
1.8000e-01
1.8100e-01
1.8200e-01
1.8300e-01
1.8400e-01
1.8500e-01
1.8600e-01
1.8700e-01
1.8800e-01
1.8900e-01
1.9000e-01
1.9100e-01
1.9200e-01
1.9300e-01
1.9400e-01
1.9500e-01
1.9600e-01
1.9700e-01
1.9800e-01
1.9900e-01
2.0000e-01
2.0100e-01
2.0200e-01
2.0300e-01
2.0400e-01
2.0500e-01
2.0600e-01
2.0700e-01
2.0800e-01
2.0900e-01
2.1000e-01
2.1100e-01
2.1200e-01
2.1300e-01
2.1400e-01
2.1500e-01
2.1600e-01
2.1700e-01
2.1800e-01
2.1900e-01
2.2000e-01
2.2100e-01
2.2200e-01
2.2300e-01
2.2400e-01
2.2500e-01
2.2600e-01
2.2700e-01
2.2800e-01
2.2900e-01
2.3000e-01
2.3100e-01
2.3200e-01
2.3300e-01
2.3400e-01
2.3500e-01
2.3600e-01
2.3700e-01
2.3800e-01
2.3900e-01
2.4000e-01
2.4100e-01
2.4200e-01
2.4300e-01
2.4400e-01
2.4500e-01
2.4600e-01
2.4700e-01
2.4800e-01
2.4900e-01
2.5000e-01
2.5100e-01
2.5200e-01
2.5300e-01
2.5400e-01
2.5500e-01
2.5600e-01
2.5700e-01
2.5800e-01
2.5900e-01
2.6000e-01
2.6100e-01
2.6200e-01
2.6300e-01
2.6400e-01
2.6500e-01
2.6600e-01
2.6700e-01
2.6800e-01
2.6900e-01
2.7000e-01
2.7100e-01
2.7200e-01
2.7300e-01
2.7400e-01
2.7500e-01
2.7600e-01
2.7700e-01
2.7800e-01
2.7900e-01
2.8000e-01
2.8100e-01
2.8200e-01
2.8300e-01
2.8400e-01
2.8500e-01
2.8600e-01
2.8700e-01
2.8800e-01
2.8900e-01
2.9000e-01
2.9100e-01
2.9200e-01
2.9300e-01
2.9400e-01
2.9500e-01
2.9600e-01
2.9700e-01
2.9800e-01
2.9900e-01
3.0000e-01
