201 6
0 0 0 0 0 0 
0.05 -0.024500098000098 -0.49000098 0 0 0 
0.1 -0.073500147000098 -0.98000098 0 0 0 
0.15 -0.147000196000098 -1.47000098 0 0 0 
0.2 -0.245000245000098 -1.96000098 0 0 0 
0.25 -0.367500000000098 -2.45 0 0 0 
0.3 -0.514500343000196 -2.94000098 0 0 0 
0.35 -0.686000392000196 -3.43000098 0 0 0 
0.4 -0.882000441000196 -3.92000098 0 0 0 
0.45 -1.1025000000002 -4.41 0 0 0 
0.5 -1.3475000000002 -4.9 0 0 0 
0.55 -1.61700058800029 -5.39000098 0 0 0 
0.6 -1.91100063700029 -5.88000098 0 0 0 
0.65 -2.22950068600029 -6.37000098 0 0 0 
0.7 -2.57250073500029 -6.86000098 0 0 0 
0.75 -2.94000000000029 -7.35 0 0 0 
0.8 -3.33200083300039 -7.84000098 0 0 0 
0.85 -3.74850088200039 -8.33000098 0 0 0 
0.9 -4.18950000000039 -8.82 0 0 0 
0.95 -4.65500098000049 -9.31000098 0 0 0 
1 -5.14500000000049 -9.8 0 0 0 
1.05 -5.65950000000049 -10.29 0 0 0 
1.1 -6.19850112700059 -10.78000098 0 0 0 
1.15 -6.76200117600059 -11.27000098 0 0 0 
1.2 -7.35000122500059 -11.76000098 0 0 0 
1.25 -7.96250000000059 -12.25 0 0 0 
1.3 -8.59950132300069 -12.74000098 0 0 0 
1.35 -9.26100137200068 -13.23000098 0 0 0 
1.4 -9.94700142100069 -13.72000098 0 0 0 
1.45 -10.6575014700007 -14.21000098 0 0 0 
1.5 -11.3925000000007 -14.7 0 0 0 
1.55 -12.1520015680008 -15.19000098 0 0 0 
1.6 -12.9360016170008 -15.68000098 0 0 0 
1.65 -13.7445016660008 -16.17000098 0 0 0 
1.7 -14.5775017150008 -16.66000098 0 0 0 
1.75 -15.4350000000008 -17.15 0 0 0 
1.8 -16.3170000000008 -17.64 0 0 0 
1.85 -17.2235000000008 -18.13 0 0 0 
1.9 -18.1545019110009 -18.62000098 0 0 0 
1.95 -19.1100019600009 -19.11000098 0 0 0 
2 -20.0900000000009 -19.6 0 0 0 
2.05 -21.094502058001 -20.09000098 0 0 0 
2.1 -22.123500000001 -20.58 0 0 0 
2.15 -23.177000000001 -21.07 0 0 0 
2.2 -24.2550022050011 -21.56000098 0 0 0 
2.25 -25.3575000000011 -22.05 0 0 0 
2.3 -26.4845023030012 -22.54000098 0 0 0 
2.35 -27.6360023520012 -23.03000098 0 0 0 
2.4 -28.8120024010012 -23.52000098 0 0 0 
2.45 -30.0125024500012 -24.01000098 0 0 0 
2.5 -31.2375000000012 -24.5 0 0 0 
2.55 -32.4870025480013 -24.99000098 0 0 0 
2.6 -33.7610025970013 -25.48000098 0 0 0 
2.65 -35.0595026460013 -25.97000098 0 0 0 
2.7 -36.3825026950013 -26.46000098 0 0 0 
2.75 -37.7300000000013 -26.95 0 0 0 
2.8 -39.1020027930014 -27.44000098 0 0 0 
2.85 -40.4985028420014 -27.93000098 0 0 0 
2.9 -41.9195028910014 -28.42000098 0 0 0 
2.95 -43.3650029400014 -28.91000098 0 0 0 
3 -44.8350000000014 -29.4 0 0 0 
3.05 -46.3295030380015 -29.89000098 0 0 0 
3.1 -47.8485030870015 -30.38000098 0 0 0 
3.15 -49.3920031360015 -30.87000098 0 0 0 
3.2 -50.9600031850015 -31.36000098 0 0 0 
3.25 -52.5525000000015 -31.85 0 0 0 
3.3 -54.1695032830016 -32.34000098 0 0 0 
3.35 -55.8110033320016 -32.83000098 0 0 0 
3.4 -57.4770033810016 -33.32000098 0 0 0 
3.45 -59.1675000000016 -33.81 0 0 0 
3.5 -60.8825000000016 -34.3 0 0 0 
3.55 -62.6220035280017 -34.79000098 0 0 0 
3.6 -64.3860000000017 -35.28 0 0 0 
3.65 -66.1745036260018 -35.77000098 0 0 0 
3.7 -67.9875000000018 -36.26 0 0 0 
3.75 -69.8250000000018 -36.75 0 0 0 
3.8 -71.6870037730019 -37.24000098 0 0 0 
3.85 -73.5735000000019 -37.73 0 0 0 
3.9 -75.4845038710019 -38.22000098 0 0 0 
3.95 -77.4200000000019 -38.71 0 0 0 
4 -79.380000000002 -39.2 0 0 0 
4.05 -81.364500000002 -39.69 0 0 0 
4.1 -83.3735040670021 -40.18000098 0 0 0 
4.15 -85.4070041160021 -40.67000098 0 0 0 
4.2 -87.4650000000021 -41.16 0 0 0 
4.25 -89.5475000000021 -41.65 0 0 0 
4.3 -91.6545000000021 -42.14 0 0 0 
4.35 -93.7860043120022 -42.63000098 0 0 0 
4.4 -95.9420043610022 -43.12000098 0 0 0 
4.45 -98.1225044100022 -43.61000098 0 0 0 
4.5 -100.327500000002 -44.1 0 0 0 
4.55 -102.557000000002 -44.59 0 0 0 
4.6 -104.811004557002 -45.08000098 0 0 0 
4.65 -107.089504606002 -45.5700009799999 0 0 0 
4.7 -109.392504655002 -46.0600009799999 0 0 0 
4.75 -111.720000000002 -46.5499999999999 0 0 0 
4.8 -114.072004753002 -47.0400009799999 0 0 0 
4.85 -116.448504802002 -47.5300009799999 0 0 0 
4.9 -118.849504851002 -48.0200009799999 0 0 0 
4.95 -121.275004900002 -48.5100009799999 0 0 0 
5 -123.725000000002 -48.9999999999999 0 0 0 
5.05 -126.199504998002 -49.4900009799999 0 0 0 
5.1 -128.698505047002 -49.9800009799999 0 0 0 
5.15 -131.222005096003 -50.4700009799999 0 0 0 
5.2 -133.770005145003 -50.9600009799999 0 0 0 
5.25 -136.342500000003 -51.4499999999999 0 0 0 
5.3 -138.939505243003 -51.9400009799999 0 0 0 
5.35 -141.561005292003 -52.4300009799999 0 0 0 
5.4 -144.207005341003 -52.9200009799999 0 0 0 
5.45 -146.877505390003 -53.4100009799999 0 0 0 
5.5 -149.572500000003 -53.8999999999999 0 0 0 
5.55 -152.292005488003 -54.3900009799999 0 0 0 
5.6 -155.036005537003 -54.8800009799999 0 0 0 
5.65 -157.804505586003 -55.3700009799999 0 0 0 
5.7 -160.597505635003 -55.8600009799999 0 0 0 
5.75 -163.415000000003 -56.3499999999999 0 0 0 
5.8 -166.257005733003 -56.8400009799999 0 0 0 
5.85 -169.123505782003 -57.3300009799999 0 0 0 
5.9 -172.014505831003 -57.8200009799999 0 0 0 
5.95 -174.930005880003 -58.3100009799999 0 0 0 
6 -177.870000000003 -58.7999999999999 0 0 0 
6.05 -180.834505978003 -59.2900009799999 0 0 0 
6.1 -183.823506027003 -59.7800009799999 0 0 0 
6.15 -186.837006076003 -60.2700009799999 0 0 0 
6.2 -189.875006125003 -60.7600009799999 0 0 0 
6.25 -192.937500000003 -61.2499999999999 0 0 0 
6.3 -196.024506223003 -61.7400009799999 0 0 0 
6.35 -199.136006272003 -62.2300009799999 0 0 0 
6.4 -202.272006321003 -62.7200009799999 0 0 0 
6.45 -205.432506370003 -63.2100009799999 0 0 0 
6.5 -208.617500000003 -63.6999999999999 0 0 0 
6.55 -211.827006468003 -64.1900009799999 0 0 0 
6.6 -215.061006517003 -64.6800009799999 0 0 0 
6.65 -218.319506566003 -65.1700009799999 0 0 0 
6.7 -221.602506615003 -65.6600009799999 0 0 0 
6.75 -224.910000000003 -66.1499999999998 0 0 0 
6.8 -228.242006713003 -66.6400009799999 0 0 0 
6.85 -231.598506762003 -67.1300009799998 0 0 0 
6.9 -234.979500000003 -67.6199999999998 0 0 0 
6.95 -238.385000000003 -68.1099999999998 0 0 0 
7 -241.815000000003 -68.5999999999999 0 0 0 
7.05 -245.269506958003 -69.0900009799999 0 0 0 
7.1 -248.748507007003 -69.5800009799999 0 0 0 
7.15 -252.252000000003 -70.0699999999999 0 0 0 
7.2 -255.780000000003 -70.5599999999998 0 0 0 
7.25 -259.332500000003 -71.0499999999999 0 0 0 
7.3 -262.909507203003 -71.5400009799999 0 0 0 
7.35 -266.511007252003 -72.0300009799999 0 0 0 
7.4 -270.137000000003 -72.5199999999999 0 0 0 
7.45 -273.787500000003 -73.0099999999998 0 0 0 
7.5 -277.462500000003 -73.4999999999999 0 0 0 
7.55 -281.162007448003 -73.9900009799998 0 0 0 
7.6 -284.886007497003 -74.4800009799999 0 0 0 
7.65 -288.634500000003 -74.9699999999999 0 0 0 
7.7 -292.407500000003 -75.4599999999999 0 0 0 
7.75 -296.205000000003 -75.9499999999999 0 0 0 
7.8 -300.027007693003 -76.4400009799999 0 0 0 
7.85 -303.873507742003 -76.9300009799999 0 0 0 
7.9 -307.744500000003 -77.4199999999999 0 0 0 
7.95 -311.640000000003 -77.9099999999999 0 0 0 
8 -315.560000000003 -78.3999999999999 0 0 0 
8.05 -319.504507938004 -78.8900009799999 0 0 0 
8.1 -323.473500000004 -79.3799999999999 0 0 0 
8.15 -327.467000000004 -79.8699999999999 0 0 0 
8.2 -331.485008085004 -80.3600009799999 0 0 0 
8.25 -335.527500000004 -80.8499999999999 0 0 0 
8.3 -339.594508183004 -81.3400009799999 0 0 0 
8.35 -343.686000000004 -81.8299999999999 0 0 0 
8.4 -347.802000000004 -82.3199999999999 0 0 0 
8.45 -351.942508330004 -82.8100009799999 0 0 0 
8.5 -356.107500000004 -83.2999999999999 0 0 0 
8.55 -360.297008428004 -83.7900009799999 0 0 0 
8.6 -364.511000000004 -84.2799999999999 0 0 0 
8.65 -368.749508526004 -84.7700009799999 0 0 0 
8.7 -373.012508575004 -85.2600009799999 0 0 0 
8.75 -377.300000000005 -85.7499999999999 0 0 0 
8.8 -381.612008673005 -86.2400009799999 0 0 0 
8.85 -385.948500000005 -86.7299999999999 0 0 0 
8.9 -390.309508771005 -87.2200009799999 0 0 0 
8.95 -394.695008820005 -87.7100009799999 0 0 0 
9 -399.105000000005 -88.1999999999999 0 0 0 
9.05 -403.539508918005 -88.6900009799999 0 0 0 
9.1 -407.998500000005 -89.1799999999999 0 0 0 
9.15 -412.482009016005 -89.6700009799999 0 0 0 
9.2 -416.990009065005 -90.1600009799999 0 0 0 
9.25 -421.522500000005 -90.6499999999999 0 0 0 
9.3 -426.079509163005 -91.14000098 0 0 0 
9.35 -430.661000000005 -91.63 0 0 0 
9.4 -435.267009261005 -92.12000098 0 0 0 
9.45 -439.897509310006 -92.61000098 0 0 0 
9.5 -444.552500000006 -93.1 0 0 0 
9.55 -449.232009408006 -93.59000098 0 0 0 
9.6 -453.936009457006 -94.08000098 0 0 0 
9.65 -458.664509506006 -94.57000098 0 0 0 
9.7 -463.417509555006 -95.06000098 0 0 0 
9.75 -468.195000000006 -95.55 0 0 0 
9.8 -472.997009653006 -96.04000098 0 0 0 
9.85 -477.823509702006 -96.53000098 0 0 0 
9.9 -482.674509751006 -97.02000098 0 0 0 
9.95 -487.550009800006 -97.51000098 0 0 0 
10 -492.450000000006 -98 0 0 0 
